# t (s)	mx ()	my ()	mz ()	E_total (J)
0	3.4519346e-06	0.050300695	-2.4383717e-09	-1.2493757e-16
2.50141051564756e-10	1.3342494e-06	0.050300695	-2.2514841e-06	-1.249373e-16
5.001611397670973e-10	-1.830923e-06	0.050300702	-1.880364e-06	-1.2493698e-16
7.500496294721446e-10	-1.3988159e-06	0.050300702	-1.41263e-07	-1.2493665e-16
1.0001784820538262e-09	1.9525808e-06	0.050300702	-3.0111184e-07	-1.2493643e-16
1.250058375296183e-09	3.1689917e-06	0.050300702	-2.7482617e-06	-1.2493625e-16
1.5001263151928446e-09	3.3455024e-07	0.050300702	-4.3955174e-06	-1.2493602e-16
1.7500674727052738e-09	-2.4052908e-06	0.050300688	-3.2701817e-06	-1.2493584e-16
2.0000983355779592e-09	-1.1146587e-06	0.050300688	-1.4345754e-06	-1.2493569e-16
2.2500101345189623e-09	2.181637e-06	0.050300725	-1.9103832e-06	-1.2493559e-16
2.5000687797895454e-09	2.4374083e-06	0.050300695	-4.158616e-06	-1.2493547e-16
2.7500167150180374e-09	-8.7541986e-07	0.050300688	-4.8999354e-06	-1.2493533e-16
3.000088115339141e-09	-2.9399987e-06	0.050300695	-2.9678235e-06	-1.2493522e-16
3.2501395380431414e-09	-8.48894e-07	0.050300688	-1.069795e-06	-1.2493515e-16
3.5000848316304987e-09	2.188068e-06	0.050300714	-1.7456575e-06	-1.2493508e-16
3.750064329393044e-09	1.4941369e-06	0.05030071	-3.5983867e-06	-1.24935e-16
4.000019062509141e-09	-1.9647732e-06	0.050300706	-3.386194e-06	-1.2493491e-16
4.250158197875029e-09	-3.1676805e-06	0.05030071	-8.4969133e-07	-1.249348e-16
4.5001224653853434e-09	-3.8331788e-07	0.05030072	8.736415e-07	-1.2493485e-16
4.750096481286898e-09	2.2191803e-06	0.050300706	-8.062883e-08	-1.2493477e-16
5.000036555133696e-09	6.7462923e-07	0.05030071	-1.5604496e-06	-1.2493473e-16
5.250029556870299e-09	-2.6702305e-06	0.05030071	-6.057999e-07	-1.2493466e-16
5.500079017272605e-09	-2.877178e-06	0.050300695	2.1166152e-06	-1.2493466e-16
5.750064934444195e-09	4.2145658e-07	0.050300702	3.2992796e-06	-1.249346e-16
6.0001346571988196e-09	2.3605417e-06	0.050300702	1.8794971e-06	-1.2493461e-16
6.250150335803514e-09	1.0919567e-07	0.050300717	6.269325e-07	-1.2493453e-16
6.500136674780215e-09	-2.867781e-06	0.050300706	1.9911201e-06	-1.2493447e-16
6.750067838394609e-09	-2.0607674e-06	0.050300717	4.433502e-06	-1.2493454e-16
7.000144338752994e-09	1.4829309e-06	0.050300717	4.7297913e-06	-1.249345e-16
7.25013118672054e-09	2.573592e-06	0.050300717	2.7323854e-06	-1.2493447e-16
7.50007079500974e-09	-2.390468e-07	0.050300706	1.5993552e-06	-1.249344e-16
7.750113448081224e-09	-2.6493522e-06	0.05030071	3.083836e-06	-1.2493441e-16
8.000003370658036e-09	-9.270877e-07	0.05030071	4.92291e-06	-1.2493438e-16
8.25008831811593e-09	2.5249012e-06	0.050300702	4.19595e-06	-1.2493443e-16
8.500156967485299e-09	2.6592993e-06	0.050300717	1.6962398e-06	-1.2493433e-16
8.750089068281712e-09	-5.5744226e-07	0.05030071	7.522106e-07	-1.2493436e-16
9.000004963297063e-09	-2.2533595e-06	0.050300717	2.2582574e-06	-1.2493437e-16
9.250121217028842e-09	2.0762546e-07	0.05030071	3.3950805e-06	-1.2493438e-16
9.50009426288457e-09	3.2379846e-06	0.05030071	1.7995184e-06	-1.2493442e-16
9.750053834018485e-09	2.3728383e-06	0.0503007	-8.6388803e-07	-1.249344e-16
1.0000042048624365e-08	-1.0547586e-06	0.05030071	-1.3947487e-06	-1.2493437e-16
1.025003498680059e-08	-1.938525e-06	0.050300695	2.2703951e-07	-1.2493438e-16
1.0500000546822357e-08	1.024979e-06	0.05030068	8.066134e-07	-1.2493438e-16
1.0750062588046099e-08	3.429058e-06	0.050300684	-1.2848052e-06	-1.2493437e-16
1.1000159702444521e-08	1.5806197e-06	0.05030068	-3.6573952e-06	-1.2493437e-16
1.1250113985551222e-08	-1.7743587e-06	0.050300676	-3.4533848e-06	-1.2493434e-16
1.150011245340896e-08	-1.7866073e-06	0.050300665	-1.5790354e-06	-1.2493438e-16
1.175008586884406e-08	1.4675437e-06	0.050300676	-1.3388828e-06	-1.2493434e-16
1.2000098309850009e-08	3.0511635e-06	0.050300676	-3.5061078e-06	-1.2493434e-16
1.2250067450105869e-08	4.1951267e-07	0.050300688	-5.161654e-06	-1.249343e-16
1.2500162942503673e-08	-2.578258e-06	0.05030067	-4.036806e-06	-1.2493429e-16
1.2750114577528803e-08	-1.6873798e-06	0.05030068	-1.8703937e-06	-1.2493428e-16
1.3000073459799677e-08	1.6836556e-06	0.050300706	-1.8402663e-06	-1.2493428e-16
1.3250025192264985e-08	2.3129744e-06	0.05030069	-3.8104708e-06	-1.2493433e-16
1.3500134658922803e-08	-8.216161e-07	0.05030068	-4.5527113e-06	-1.2493428e-16
1.3750029704450955e-08	-3.2078747e-06	0.05030068	-2.559857e-06	-1.2493433e-16
1.4000147064835346e-08	-1.424656e-06	0.05030069	-2.8425998e-07	-1.2493429e-16
1.4250057710432965e-08	1.8381772e-06	0.050300695	-5.15526e-07	-1.2493428e-16
1.4500110697333188e-08	1.5573053e-06	0.050300684	-2.2389672e-06	-1.2493433e-16
1.4750012368458125e-08	-1.817755e-06	0.050300673	-2.1551414e-06	-1.2493426e-16
1.500003073669567e-08	-3.3765266e-06	0.050300684	3.8537112e-07	-1.2493426e-16
1.5250114580277246e-08	-7.7207676e-07	0.05030071	2.401092e-06	-1.2493429e-16
1.5500086852272813e-08	2.1332282e-06	0.050300688	1.6860529e-06	-1.2493429e-16
1.575004318434557e-08	1.0024452e-06	0.050300688	8.799813e-08	-1.2493426e-16
1.6000142548803985e-08	-2.3652667e-06	0.0503007	7.2869386e-07	-1.2493429e-16
1.6250082328778925e-08	-2.9560483e-06	0.05030071	3.3408946e-06	-1.2493429e-16
1.6500023112647685e-08	2.6420594e-07	0.050300714	4.661625e-06	-1.2493428e-16
1.675001403103857e-08	2.575159e-06	0.050300702	3.2453104e-06	-1.2493429e-16
1.7000097427134652e-08	6.581123e-07	0.050300706	1.6343594e-06	-1.2493425e-16
1.725003929003187e-08	-2.4527283e-06	0.050300714	2.5417587e-06	-1.2493426e-16
1.750000901922105e-08	-2.048251e-06	0.050300725	4.8084694e-06	-1.2493429e-16
1.77500310511438e-08	1.4814959e-06	0.050300717	5.139871e-06	-1.249343e-16
1.800008042992328e-08	2.9951525e-06	0.050300717	2.9767643e-06	-1.2493424e-16
1.8250080444554645e-08	3.8594462e-07	0.050300725	1.3640794e-06	-1.2493429e-16
1.850004352983191e-08	-2.2886422e-06	0.050300725	2.3893876e-06	-1.249343e-16
1.8750030787896232e-08	-9.774626e-07	0.05030072	4.1106614e-06	-1.2493428e-16
1.900004979400541e-08	2.539567e-06	0.050300725	3.4440648e-06	-1.2493425e-16
1.9250068330311683e-08	3.0974668e-06	0.050300717	7.570874e-07	-1.2493424e-16
1.950000918381605e-08	-4.851979e-08	0.050300725	-6.3950364e-07	-1.2493428e-16
1.9750123743259438e-08	-2.1285334e-06	0.050300717	5.680865e-07	-1.249343e-16
2.0000006911023152e-08	-5.641169e-08	0.050300717	1.7945333e-06	-1.2493434e-16
2.0250141080420896e-08	3.1561153e-06	0.050300714	3.8710508e-07	-1.2493425e-16
2.0500082343677823e-08	2.6685682e-06	0.050300714	-2.378171e-06	-1.249343e-16
2.075012518907007e-08	-7.943058e-07	0.05030071	-3.1951884e-06	-1.249343e-16
2.1000035145159e-08	-2.1440019e-06	0.0503007	-1.6108427e-06	-1.2493432e-16
2.12500200261087e-08	5.3453664e-07	0.05030071	-6.8848783e-07	-1.2493424e-16
2.1500150743454333e-08	3.2147682e-06	0.050300725	-2.448559e-06	-1.2493426e-16
2.1750067439744044e-08	1.6997113e-06	0.050300706	-4.807169e-06	-1.2493432e-16
2.2000110266860186e-08	-1.7716326e-06	0.050300702	-4.6954374e-06	-1.249343e-16
2.225001062669175e-08	-2.2743393e-06	0.050300717	-2.6068362e-06	-1.249343e-16
2.2500004317368387e-08	8.661773e-07	0.050300717	-1.8529458e-06	-1.2493428e-16
2.2750154156163376e-08	2.7990488e-06	0.05030071	-3.6327947e-06	-1.2493433e-16
2.3000041042068272e-08	4.4627348e-07	0.05030071	-5.231554e-06	-1.2493429e-16
2.325004906214904e-08	-2.7260317e-06	0.0503007	-4.0838936e-06	-1.2493428e-16
2.350005545226875e-08	-2.2636e-06	0.050300706	-1.5892224e-06	-1.2493426e-16
2.3750118322068332e-08	1.1159073e-06	0.05030071	-1.0244413e-06	-1.2493424e-16
2.4000038161704832e-08	2.1989879e-06	0.050300688	-2.6921794e-06	-1.249343e-16
2.425007313093722e-08	-7.23835e-07	0.050300695	-3.473542e-06	-1.2493422e-16
2.4500005165215576e-08	-3.3348501e-06	0.05030069	-1.4892491e-06	-1.2493417e-16
2.475007217981275e-08	-1.8959973e-06	0.0503007	1.0797652e-06	-1.2493424e-16
2.5000090186699926e-08	1.5071753e-06	0.050300684	1.2331659e-06	-1.2493422e-16
2.5250149352407855e-08	1.7111317e-06	0.050300673	-4.164739e-07	-1.2493418e-16
2.5500088848203446e-08	-1.5203069e-06	0.050300688	-5.67653e-07	-1.2493416e-16
2.5750026243940354e-08	-3.3641745e-06	0.050300695	1.8323551e-06	-1.2493416e-16
2.600002280426698e-08	-1.0314302e-06	0.050300684	3.998171e-06	-1.2493418e-16
2.6250045936946462e-08	2.1207109e-06	0.05030068	3.4364787e-06	-1.2493418e-16
2.650012151273436e-08	1.4468392e-06	0.050300695	1.6314333e-06	-1.2493417e-16
2.675010139629745e-08	-1.8875462e-06	0.05030069	1.8408082e-06	-1.2493412e-16
2.7000106389537887e-08	-2.814869e-06	0.050300702	4.197034e-06	-1.2493416e-16
2.7250063947246014e-08	1.9710501e-07	0.05030068	5.536838e-06	-1.2493413e-16
2.7500032886366446e-08	2.8373825e-06	0.050300684	4.06482e-06	-1.2493414e-16
2.7750151184673126e-08	1.2969781e-06	0.050300695	2.0492078e-06	-1.2493409e-16
2.800003685022088e-08	-1.9439356e-06	0.05030069	2.4318695e-06	-1.2493412e-16
2.825002905838739e-08	-1.9425581e-06	0.050300702	4.4494327e-06	-1.2493414e-16
2.8500051804631375e-08	1.4760321e-06	0.050300688	4.783327e-06	-1.2493414e-16
2.8750129558298087e-08	3.3457163e-06	0.05030069	2.4805286e-06	-1.249341e-16
2.9000043981881815e-08	9.936813e-07	0.050300702	4.2633576e-07	-1.2493414e-16
2.9250005923950248e-08	-1.9313586e-06	0.050300706	1.0079688e-06	-1.2493417e-16
2.950012452668498e-08	-1.0547744e-06	0.0503007	2.6392936e-06	-1.2493414e-16
2.9750020312737446e-08	2.444856e-06	0.050300684	2.0861626e-06	-1.2493412e-16
3.0000097421128885e-08	3.3712874e-06	0.050300695	-6.7109414e-07	-1.249341e-16
3.025015279027228e-08	3.426104e-07	0.05030069	-2.39589e-06	-1.2493417e-16
3.050012430998343e-08	-2.0784714e-06	0.050300706	-1.3929606e-06	-1.2493417e-16
3.0750034378225984e-08	-4.1986604e-07	0.050300695	-7.2609296e-09	-1.2493416e-16
3.1000059289519165e-08	2.88596e-06	0.050300706	-1.111464e-06	-1.2493414e-16
3.125013074248432e-08	2.7711271e-06	0.050300702	-3.8176777e-06	-1.2493418e-16
3.1500120758626923e-08	-6.7515646e-07	0.050300706	-4.767667e-06	-1.2493421e-16
3.175012493974354e-08	-2.4149322e-06	0.050300714	-3.1235543e-06	-1.2493421e-16
3.200006592552286e-08	-5.2060827e-08	0.050300706	-1.8014691e-06	-1.2493417e-16
3.225000634333186e-08	2.8314594e-06	0.05030071	-3.1212244e-06	-1.249342e-16
3.2500049395174896e-08	1.6942421e-06	0.05030071	-5.3284384e-06	-1.2493421e-16
3.2750062360841547e-08	-1.8516552e-06	0.05030071	-5.216165e-06	-1.2493426e-16
3.3000034929132524e-08	-2.7412511e-06	0.05030071	-2.8985196e-06	-1.2493418e-16
3.325004577021414e-08	2.0760503e-07	0.050300725	-1.6227093e-06	-1.2493418e-16
3.3500074240477404e-08	2.4718809e-06	0.050300706	-2.9602918e-06	-1.2493422e-16
3.3750142107384925e-08	4.950748e-07	0.050300695	-4.4636295e-06	-1.249342e-16
3.400000053698777e-08	-2.8382021e-06	0.050300695	-3.32388e-06	-1.2493418e-16
3.425007490758074e-08	-2.756299e-06	0.05030071	-5.632097e-07	-1.2493418e-16
3.450010731271427e-08	6.218132e-07	0.0503007	4.66596e-07	-1.249342e-16
3.475001535841403e-08	2.135358e-06	0.050300684	-9.517236e-07	-1.2493418e-16
3.5000134991129145e-08	-4.982415e-07	0.0503007	-1.8356063e-06	-1.2493417e-16
3.5250152651677566e-08	-3.3311915e-06	0.050300695	2.4058602e-08	-1.2493417e-16
3.550010224543271e-08	-2.2324932e-06	0.050300706	2.7556853e-06	-1.2493417e-16
3.57501302286584e-08	1.316006e-06	0.05030069	3.169775e-06	-1.2493418e-16
3.6000162318054456e-08	1.998131e-06	0.050300684	1.4793873e-06	-1.2493412e-16
3.625011730437812e-08	-1.0818003e-06	0.050300688	9.828264e-07	-1.2493409e-16
3.650008562629478e-08	-3.19803e-06	0.050300702	3.1049685e-06	-1.2493412e-16
3.675010395619928e-08	-1.1555056e-06	0.0503007	5.2835726e-06	-1.2493412e-16
3.7000049613117976e-08	2.2237284e-06	0.050300684	4.7569924e-06	-1.2493408e-16
3.725003010831793e-08	2.0004475e-06	0.05030069	2.666712e-06	-1.2493408e-16
3.750001733296372e-08	-1.3092717e-06	0.0503007	2.351891e-06	-1.2493409e-16
3.775014880199057e-08	-2.5935337e-06	0.050300702	4.353415e-06	-1.2493412e-16
3.8000015684703197e-08	1.9104728e-07	0.050300688	5.6339395e-06	-1.249341e-16
3.8250128975918205e-08	3.1078007e-06	0.05030069	4.0782584e-06	-1.2493402e-16
3.850013168295703e-08	1.9249878e-06	0.05030069	1.6600435e-06	-1.2493405e-16
3.8750055297526795e-08	-1.4140512e-06	0.050300695	1.5109235e-06	-1.249341e-16
3.9000097334518324e-08	-1.8382034e-06	0.050300684	3.2615662e-06	-1.2493412e-16
3.925014396316485e-08	1.4083292e-06	0.050300684	3.6141005e-06	-1.2493406e-16
3.9500012206338265e-08	3.5884639e-06	0.0503007	1.2670864e-06	-1.2493408e-16
3.975000211442153e-08	1.4941661e-06	0.050300684	-1.1303208e-06	-1.249341e-16
4.000011293833958e-08	-1.6499864e-06	0.050300684	-9.1043387e-07	-1.2493412e-16
4.025015700904346e-08	-1.2302229e-06	0.050300695	6.7911367e-07	-1.2493409e-16
4.050011744275647e-08	2.1901087e-06	0.0503007	3.5220927e-07	-1.2493406e-16
4.0750127520028945e-08	3.4363597e-06	0.0503007	-2.3084337e-06	-1.249341e-16
4.100000103735526e-08	5.953449e-07	0.05030071	-4.2023444e-06	-1.2493414e-16
4.1250102083928804e-08	-2.1391459e-06	0.050300695	-3.3148851e-06	-1.2493409e-16
4.150010046189206e-08	-9.063391e-07	0.0503007	-1.6731566e-06	-1.2493408e-16
4.175009064275599e-08	2.456163e-06	0.05030073	-2.3342263e-06	-1.2493406e-16
4.200010969136368e-08	2.6861633e-06	0.050300702	-4.8154593e-06	-1.2493413e-16
4.2250016335323816e-08	-6.5756086e-07	0.050300702	-5.7830052e-06	-1.249341e-16
4.250010733813142e-08	-2.7520543e-06	0.050300714	-4.0274317e-06	-1.2493408e-16
4.275002476725204e-08	-7.292145e-07	0.050300725	-2.2384254e-06	-1.2493406e-16
4.3000054428747814e-08	2.3501839e-06	0.05030072	-3.018921e-06	-1.2493408e-16
4.3250109981465856e-08	1.6254613e-06	0.05030072	-4.997253e-06	-1.249341e-16
4.3500153204864704e-08	-1.9372128e-06	0.050300717	-4.8708916e-06	-1.249341e-16
4.3750009854137665e-08	-3.1615125e-06	0.050300717	-2.3489106e-06	-1.2493404e-16
4.400000546844808e-08	-4.3503474e-07	0.05030072	-5.688992e-07	-1.249341e-16
4.425003455655667e-08	2.1631029e-06	0.050300714	-1.4731017e-06	-1.2493413e-16
4.450012294937661e-08	5.8792375e-07	0.05030071	-2.9026378e-06	-1.2493412e-16
4.4750138764607024e-08	-2.831397e-06	0.05030071	-1.8566847e-06	-1.2493409e-16
4.500009637539401e-08	-3.071045e-06	0.050300714	1.0350617e-06	-1.249341e-16
4.525001861749013e-08	2.1012225e-07	0.050300706	2.4158305e-06	-1.2493414e-16
4.550011910877909e-08	2.1518827e-06	0.0503007	1.1849403e-06	-1.2493412e-16
4.575009859676714e-08	-1.3545325e-07	0.0503007	1.07721846e-07	-1.2493412e-16
4.6000056344998034e-08	-3.117582e-06	0.050300706	1.6778166e-06	-1.2493409e-16
4.6250133209007166e-08	-2.3434511e-06	0.05030071	4.3832174e-06	-1.2493413e-16
4.65001420066748e-08	1.238075e-06	0.05030069	4.933314e-06	-1.2493412e-16
4.6750152654459385e-08	2.3558653e-06	0.050300702	3.1463667e-06	-1.2493409e-16
4.700002309860024e-08	-4.7646282e-07	0.050300717	2.1866235e-06	-1.2493409e-16
4.7250036292226606e-08	-2.8530387e-06	0.050300695	3.862056e-06	-1.2493414e-16
4.7500036000901706e-08	-1.1701667e-06	0.050300695	5.924485e-06	-1.2493413e-16
4.775016174170421e-08	2.3897765e-06	0.050300702	5.377314e-06	-1.2493408e-16
4.800011199404364e-08	2.565124e-06	0.05030069	2.975247e-06	-1.249341e-16
4.8250090992442366e-08	-6.46074e-07	0.0503007	2.0766258e-06	-1.2493414e-16
4.850012838539865e-08	-2.2862428e-06	0.050300695	3.6499716e-06	-1.2493416e-16
4.875003301775891e-08	1.5043251e-07	0.05030068	4.8525767e-06	-1.2493417e-16
4.900003313214353e-08	3.3074205e-06	0.050300702	3.2652508e-06	-1.2493416e-16
4.925010773562317e-08	2.4809844e-06	0.0503007	5.041469e-07	-1.2493417e-16
4.950004241705736e-08	-9.260914e-07	0.050300688	-1.4489348e-07	-1.2493421e-16
4.9750095468080736e-08	-1.7813327e-06	0.05030069	1.3718821e-06	-1.2493418e-16
5.000013184853044e-08	1.186088e-06	0.050300688	1.8463352e-06	-1.2493421e-16
5.0250131095633436e-08	3.6555161e-06	0.05030069	-4.1289763e-07	-1.2493418e-16
5.050011212911662e-08	1.8681636e-06	0.050300688	-3.0355561e-06	-1.2493424e-16
5.0750068559130065e-08	-1.5167379e-06	0.050300673	-3.0755455e-06	-1.2493422e-16
5.1000028241929414e-08	-1.5286383e-06	0.05030068	-1.3998422e-06	-1.2493421e-16
5.12500573388038e-08	1.7380306e-06	0.050300695	-1.3492865e-06	-1.2493422e-16
5.150002238868971e-08	3.3361748e-06	0.050300676	-3.7756834e-06	-1.2493425e-16
5.175001186481898e-08	7.248218e-07	0.05030068	-5.7105044e-06	-1.2493425e-16
5.2000056155886257e-08	-2.350547e-06	0.050300684	-4.813021e-06	-1.2493424e-16
5.225001029826695e-08	-1.4779196e-06	0.050300688	-2.8112802e-06	-1.2493422e-16
5.250001659013781e-08	1.8711024e-06	0.050300695	-2.9309228e-06	-1.2493421e-16
5.2750037474508335e-08	2.503453e-06	0.05030069	-5.087094e-06	-1.2493424e-16
5.3000158524689036e-08	-6.771109e-07	0.05030068	-5.995631e-06	-1.2493417e-16
5.325011582639687e-08	-3.1285153e-06	0.05030069	-4.0932136e-06	-1.2493424e-16
5.3500058718113336e-08	-1.4099445e-06	0.05030071	-1.8228184e-06	-1.2493421e-16
5.3750041395825125e-08	1.8409335e-06	0.050300688	-2.0543011e-06	-1.2493428e-16
5.4000083583234234e-08	1.5470317e-06	0.050300688	-3.794215e-06	-1.2493421e-16
5.425014363321826e-08	-1.9007765e-06	0.050300695	-3.6874685e-06	-1.249342e-16
5.4500154481938613e-08	-3.4958234e-06	0.050300695	-1.0385296e-06	-1.2493418e-16
5.475003232384226e-08	-9.853223e-07	0.050300695	1.152537e-06	-1.2493424e-16
5.500004492483795e-08	1.952479e-06	0.050300688	6.0341574e-07	-1.2493422e-16
5.5250154198460817e-08	7.948648e-07	0.050300688	-8.473613e-07	-1.2493418e-16
5.5500088640752825e-08	-2.6112084e-06	0.050300706	-2.7093021e-08	-1.2493418e-16
5.575002729170715e-08	-3.212147e-06	0.050300706	2.8432498e-06	-1.2493421e-16
5.600009289568937e-08	-7.048768e-08	0.050300695	4.444231e-06	-1.2493424e-16
5.6250121390601924e-08	2.3306943e-06	0.05030071	3.2692606e-06	-1.2493416e-16
5.650007737700064e-08	4.0117408e-07	0.05030071	1.857064e-06	-1.2493418e-16
5.675003544469096e-08	-2.7307585e-06	0.050300706	2.9893356e-06	-1.2493416e-16
5.7000048715222864e-08	-2.31352e-06	0.05030072	5.533912e-06	-1.249342e-16
5.725011871122276e-08	1.2355649e-06	0.050300706	6.1052497e-06	-1.2493413e-16
5.750003092414983e-08	2.8310326e-06	0.050300706	4.106218e-06	-1.249341e-16
5.775001794739237e-08	2.4899236e-07	0.050300714	2.602989e-06	-1.2493414e-16
5.80000067891527e-08	-2.430438e-06	0.050300702	3.7660382e-06	-1.2493417e-16
5.8250070738829377e-08	-1.0828428e-06	0.050300702	5.630905e-06	-1.2493412e-16
5.850015007813592e-08	2.5239563e-06	0.050300706	5.0269473e-06	-1.2493408e-16
5.8750139527012526e-08	3.1179284e-06	0.050300695	2.3159114e-06	-1.2493413e-16
5.900007908250706e-08	1.8753028e-08	0.0503007	8.6415895e-07	-1.2493412e-16
5.925005675456962e-08	-2.065937e-06	0.05030069	2.0404295e-06	-1.2493413e-16
5.9500083231507796e-08	7.656022e-08	0.050300688	3.205321e-06	-1.2493409e-16
5.97500028772338e-08	3.3656224e-06	0.0503007	1.6590682e-06	-1.249341e-16
6.000012513607902e-08	2.8940283e-06	0.050300688	-1.3233315e-06	-1.249341e-16
6.025000046355433e-08	-5.3231116e-07	0.050300673	-2.3492357e-06	-1.2493416e-16
6.05001132134059e-08	-1.9033638e-06	0.05030068	-9.554083e-07	-1.2493406e-16
6.07500115754844e-08	8.218993e-07	0.05030068	-2.4557113e-07	-1.2493408e-16
6.100001162613686e-08	3.5292862e-06	0.05030068	-2.2690947e-06	-1.2493406e-16
6.125015219468059e-08	2.0138598e-06	0.050300676	-4.925511e-06	-1.2493408e-16
6.150012686585691e-08	-1.4880898e-06	0.050300673	-5.071922e-06	-1.2493406e-16
6.175002940009545e-08	-1.9931729e-06	0.05030068	-3.2042374e-06	-1.2493404e-16
6.200003663115856e-08	1.1175897e-06	0.050300688	-2.6584755e-06	-1.24934e-16
6.225006463370164e-08	3.0732679e-06	0.05030068	-4.681945e-06	-1.2493401e-16
6.250010996982265e-08	6.8824875e-07	0.050300676	-6.5152212e-06	-1.2493405e-16
6.275004878322756e-08	-2.5987501e-06	0.05030068	-5.5355376e-06	-1.2493401e-16
6.300004089712098e-08	-2.1503286e-06	0.050300695	-3.121116e-06	-1.2493398e-16
6.325014600712872e-08	1.18604e-06	0.050300688	-2.6237965e-06	-1.2493397e-16
6.350015720121646e-08	2.2925715e-06	0.05030068	-4.3906407e-06	-1.2493398e-16
6.375013925699015e-08	-7.06848e-07	0.05030068	-5.226894e-06	-1.2493385e-16
6.400013278336274e-08	-3.45301e-06	0.05030068	-3.1988188e-06	-1.2493392e-16
6.425011333842882e-08	-2.0295577e-06	0.050300684	-4.938516e-07	-1.2493393e-16
6.450015473579407e-08	1.3656567e-06	0.050300673	-2.231923e-07	-1.2493392e-16
6.475010872749983e-08	1.5767353e-06	0.050300673	-1.7791444e-06	-1.2493388e-16
6.500011692302402e-08	-1.7497701e-06	0.05030069	-1.7881393e-06	-1.2493389e-16
6.52500162097531e-08	-3.6822767e-06	0.05030069	8.5917384e-07	-1.2493387e-16
6.550007267199049e-08	-1.3546288e-06	0.050300695	3.3181364e-06	-1.2493389e-16
6.57500802364436e-08	1.8659154e-06	0.050300702	2.9975718e-06	-1.2493385e-16
6.600005295157812e-08	1.1618647e-06	0.0503007	1.4055859e-06	-1.2493384e-16
6.625007031086049e-08	-2.1977853e-06	0.050300717	1.8554384e-06	-1.249339e-16
6.650002853524936e-08	-3.1872046e-06	0.050300714	4.5362385e-06	-1.2493389e-16
6.675005933960864e-08	-1.2712839e-07	0.050300695	6.1867454e-06	-1.2493387e-16
6.70000101463051e-08	2.6294488e-06	0.05030071	4.9328805e-06	-1.2493384e-16
6.72500083918652e-08	1.044967e-06	0.050300725	3.0880624e-06	-1.2493385e-16
6.75000265343773e-08	-2.1616813e-06	0.05030072	3.672513e-06	-1.2493384e-16
6.775014292763206e-08	-2.167796e-06	0.050300717	5.914298e-06	-1.2493387e-16
6.800005612708196e-08	1.3436251e-06	0.05030072	6.4042483e-06	-1.249338e-16
6.825007685623099e-08	3.3129236e-06	0.050300725	4.167015e-06	-1.2493384e-16
6.850009870144029e-08	9.610815e-07	0.050300725	2.1147728e-06	-1.2493384e-16
6.875009472904576e-08	-1.944435e-06	0.050300717	2.7350945e-06	-1.2493385e-16
6.900003599648891e-08	-1.0136755e-06	0.050300725	4.374114e-06	-1.2493379e-16
6.92500987575389e-08	2.586792e-06	0.050300725	3.7498908e-06	-1.2493376e-16
6.950004410440902e-08	3.559236e-06	0.05030072	8.253618e-07	-1.2493381e-16
6.975002952795643e-08	5.5858027e-07	0.05030072	-1.0772185e-06	-1.2493376e-16
7.000002972124753e-08	-1.8895754e-06	0.05030071	-2.3034485e-07	-1.2493377e-16
7.025007553684963e-08	-1.2225281e-07	0.05030071	9.692799e-07	-1.2493373e-16
7.050012287018361e-08	3.2209637e-06	0.05030071	-3.9609995e-07	-1.2493379e-16
7.075011531670022e-08	3.1002328e-06	0.050300706	-3.4133413e-06	-1.2493383e-16
7.100007487970873e-08	-3.468276e-07	0.0503007	-4.6457485e-06	-1.2493381e-16
7.125012839749244e-08	-2.1489807e-06	0.05030071	-3.249862e-06	-1.2493377e-16
7.150008150894335e-08	2.97673e-07	0.050300714	-2.1732938e-06	-1.249338e-16
7.175007461762123e-08	3.174916e-06	0.05030071	-3.793944e-06	-1.2493383e-16
7.200015016746138e-08	1.9903969e-06	0.050300702	-6.3004277e-06	-1.249338e-16
7.225006555053936e-08	-1.6098242e-06	0.05030071	-6.4224005e-06	-1.2493377e-16
7.250007229497003e-08	-2.5497145e-06	0.050300717	-4.2625993e-06	-1.249338e-16
7.275002506149626e-08	4.1002662e-07	0.0503007	-3.1300024e-06	-1.2493387e-16
7.300013639064606e-08	2.656921e-06	0.05030069	-4.6550144e-06	-1.2493387e-16
7.325005275160497e-08	5.6713407e-07	0.050300684	-6.2886693e-06	-1.249338e-16
7.35000732413868e-08	-2.862483e-06	0.050300695	-5.173954e-06	-1.249338e-16
7.37500530071607e-08	-2.781327e-06	0.050300688	-2.362674e-06	-1.2493385e-16
7.40000234624033e-08	5.570094e-07	0.050300673	-1.2948838e-06	-1.249338e-16
7.425005873644059e-08	2.0497935e-06	0.050300673	-2.6771156e-06	-1.2493379e-16
7.450006264894828e-08	-7.0127555e-07	0.05030068	-3.4521927e-06	-1.2493375e-16
7.475011966184881e-08	-3.599886e-06	0.050300688	-1.3862415e-06	-1.2493381e-16
7.500006968471526e-08	-2.4755348e-06	0.050300684	1.5964291e-06	-1.2493387e-16
7.52500740533351e-08	1.046096e-06	0.050300676	2.228997e-06	-1.249338e-16
7.550009895891016e-08	1.7051711e-06	0.05030068	7.595799e-07	-1.249338e-16
7.575014761738255e-08	-1.440835e-06	0.05030071	5.299395e-07	-1.2493381e-16
7.600013332462372e-08	-3.6004847e-06	0.0503007	2.9885769e-06	-1.2493383e-16
7.625007838335958e-08	-1.490457e-06	0.050300684	5.508228e-06	-1.2493385e-16
7.650010968949898e-08	1.9418903e-06	0.05030069	5.2498685e-06	-1.249338e-16
7.675008814900875e-08	1.6732126e-06	0.050300695	3.3892284e-06	-1.2493379e-16
7.700015580650453e-08	-1.6253498e-06	0.0503007	3.3348256e-06	-1.2493388e-16
7.725005027998922e-08	-2.9336918e-06	0.05030069	5.647161e-06	-1.249339e-16
7.750005235738389e-08	-3.1497542e-08	0.05030069	7.1779164e-06	-1.2493387e-16
7.775011763752512e-08	2.991388e-06	0.050300695	5.758242e-06	-1.2493385e-16
7.800006938727836e-08	1.7691567e-06	0.050300702	3.4245577e-06	-1.249339e-16
7.825000068043744e-08	-1.5158029e-06	0.050300702	3.3811007e-06	-1.2493384e-16
7.850002280269504e-08	-1.9202403e-06	0.0503007	5.240224e-06	-1.2493387e-16
7.875015299480515e-08	1.4620952e-06	0.05030069	5.618117e-06	-1.249338e-16
7.900013596661913e-08	3.7369962e-06	0.050300706	3.1596965e-06	-1.249339e-16
7.925011277481041e-08	1.6225846e-06	0.050300706	6.17179e-07	-1.2493393e-16
7.950010775787722e-08	-1.516041e-06	0.05030068	7.2533436e-07	-1.249339e-16
7.975011587498382e-08	-1.0320581e-06	0.050300702	2.2047216e-06	-1.249339e-16
8.000010813404074e-08	2.5091017e-06	0.050300695	1.660152e-06	-1.2493393e-16
8.025007197334116e-08	3.8099424e-06	0.050300695	-1.3305925e-06	-1.2493397e-16
8.050007139944372e-08	9.282829e-07	0.050300684	-3.5426833e-06	-1.2493397e-16
8.07500135669824e-08	-1.8601096e-06	0.05030068	-2.895973e-06	-1.2493393e-16
8.100016615526648e-08	-5.380313e-07	0.050300695	-1.5023621e-06	-1.249339e-16
8.125000741476529e-08	2.8649577e-06	0.050300695	-2.5054542e-06	-1.24934e-16
8.150004620838408e-08	3.0957094e-06	0.050300684	-5.374984e-06	-1.24934e-16
8.175009402869787e-08	-3.348968e-07	0.050300695	-6.659139e-06	-1.2493395e-16
8.200011928819405e-08	-2.5267618e-06	0.050300714	-5.1183592e-06	-1.2493393e-16
8.225011915574658e-08	-4.2298151e-07	0.0503007	-3.536506e-06	-1.2493396e-16
8.250016147550094e-08	2.642009e-06	0.0503007	-4.592592e-06	-1.2493395e-16
8.275015066664276e-08	1.8337525e-06	0.05030069	-6.8169834e-06	-1.2493398e-16
8.30001394384652e-08	-1.8156475e-06	0.050300688	-6.8204513e-06	-1.2493392e-16
8.325002184722005e-08	-3.1557904e-06	0.050300688	-4.3205782e-06	-1.2493398e-16
8.350003102592092e-08	-3.667578e-07	0.05030068	-2.5641918e-06	-1.2493402e-16
8.37501648476958e-08	2.1909518e-06	0.05030067	-3.523989e-06	-1.2493396e-16
8.400003285206843e-08	4.8541e-07	0.050300673	-4.953092e-06	-1.2493396e-16
8.425003710808113e-08	-3.0157373e-06	0.05030069	-3.7699397e-06	-1.2493395e-16
8.450005183404214e-08	-3.3362564e-06	0.050300676	-6.5418806e-07	-1.24934e-16
8.475008788584725e-08	1.1749481e-09	0.050300658	9.352511e-07	-1.2493402e-16
8.500003234312437e-08	1.9247063e-06	0.050300676	-1.3492324e-07	-1.2493401e-16
8.525004462596737e-08	-4.869509e-07	0.050300688	-9.823929e-07	-1.24934e-16
8.550008254947016e-08	-3.5395287e-06	0.050300673	9.3557617e-07	-1.2493408e-16
8.575010293956397e-08	-2.7692402e-06	0.050300665	4.0300324e-06	-1.2493409e-16
8.600007906792221e-08	8.889561e-07	0.05030067	4.8958173e-06	-1.2493408e-16
8.625014121163565e-08	2.0340979e-06	0.050300673	3.3565002e-06	-1.2493404e-16
8.65001265684317e-08	-8.753299e-07	0.05030068	2.7068095e-06	-1.2493408e-16
8.675007087321702e-08	-3.297342e-06	0.05030066	4.7685885e-06	-1.2493409e-16
8.700013122936724e-08	-1.4846984e-06	0.05030066	7.179542e-06	-1.2493408e-16
8.7250044042383e-08	2.1454719e-06	0.05030067	6.8567015e-06	-1.2493405e-16
8.750005051943272e-08	2.3550276e-06	0.050300673	4.6099317e-06	-1.2493409e-16
8.775009959604363e-08	-8.72084e-07	0.05030068	3.90573e-06	-1.2493414e-16
8.800012339521647e-08	-2.5389777e-06	0.050300665	5.7018888e-06	-1.2493409e-16
8.825004848287198e-08	1.02741495e-07	0.050300673	7.0433184e-06	-1.2493409e-16
8.850005061884807e-08	3.3532633e-06	0.050300684	5.4368106e-06	-1.2493402e-16
8.875003026519605e-08	2.5495594e-06	0.05030068	2.5944275e-06	-1.2493409e-16
8.900009757438355e-08	-8.5399296e-07	0.05030066	1.8957528e-06	-1.2493408e-16
8.925013812904235e-08	-1.7216169e-06	0.050300665	3.3770907e-06	-1.2493412e-16
8.950014254060998e-08	1.4581606e-06	0.050300673	3.707409e-06	-1.2493405e-16
8.975008746736473e-08	4.0090636e-06	0.05030067	1.1558966e-06	-1.2493414e-16
9.000000633800318e-08	2.1743488e-06	0.05030067	-1.7719377e-06	-1.2493416e-16
9.025001302592524e-08	-1.2049998e-06	0.050300676	-2.0655718e-06	-1.2493414e-16
9.050004471041155e-08	-1.2256596e-06	0.05030069	-6.282871e-07	-1.2493414e-16
9.075015295737071e-08	2.1997598e-06	0.050300684	-9.1980803e-07	-1.2493416e-16
9.10000520537412e-08	3.8337757e-06	0.0503007	-3.7705897e-06	-1.2493417e-16
9.12500619180838e-08	1.1008027e-06	0.05030069	-6.0972843e-06	-1.2493421e-16
9.150002620419356e-08	-2.0059144e-06	0.050300706	-5.490346e-06	-1.249342e-16
9.175016180401505e-08	-1.1529494e-06	0.050300714	-3.7492405e-06	-1.2493422e-16
9.200008815619103e-08	2.2722118e-06	0.05030071	-4.2012603e-06	-1.2493425e-16
9.225014303262976e-08	2.8871505e-06	0.050300717	-6.7244337e-06	-1.2493421e-16
9.250002713920458e-08	-4.7058916e-07	0.05030071	-7.892847e-06	-1.249342e-16
9.275005734222408e-08	-3.0152976e-06	0.050300725	-6.103732e-06	-1.2493416e-16
9.300009314409278e-08	-1.2527946e-06	0.05030072	-3.9301676e-06	-1.2493422e-16
9.325008946121322e-08	1.9805734e-06	0.05030071	-4.308874e-06	-1.2493424e-16
9.350013624444099e-08	1.6114825e-06	0.05030071	-6.162362e-06	-1.249342e-16
9.375010764770854e-08	-2.014562e-06	0.05030072	-6.023212e-06	-1.249342e-16
9.400004712759902e-08	-3.7144077e-06	0.050300702	-3.2140993e-06	-1.249342e-16
9.425007495495968e-08	-1.1182271e-06	0.0503007	-8.629669e-07	-1.2493422e-16
9.450015231732689e-08	1.7612315e-06	0.050300717	-1.2968887e-06	-1.249342e-16
9.475013229083762e-08	5.2197475e-07	0.050300706	-2.5783886e-06	-1.249342e-16
9.500005353566838e-08	-3.0260799e-06	0.050300714	-1.4412944e-06	-1.2493418e-16
9.525000920834929e-08	-3.6759789e-06	0.0503007	1.8208677e-06	-1.2493424e-16
9.55001393187516e-08	-3.949431e-07	0.050300695	3.7632205e-06	-1.2493425e-16
9.575013181941117e-08	1.9508227e-06	0.050300702	2.8676336e-06	-1.2493425e-16
9.600012377900084e-08	-4.1328814e-08	0.050300714	1.7982179e-06	-1.249343e-16
9.62501304960262e-08	-3.2311534e-06	0.050300706	3.3618103e-06	-1.2493432e-16
9.650001165297947e-08	-2.7790695e-06	0.050300695	6.33023e-06	-1.2493429e-16
9.675008433284987e-08	9.077888e-07	0.050300702	7.2327525e-06	-1.2493425e-16
9.700007631444402e-08	2.5185807e-06	0.050300717	5.4822185e-06	-1.2493422e-16
9.725003084728166e-08	-1.2015606e-07	0.050300717	4.267151e-06	-1.2493424e-16
9.750013332807357e-08	-2.7642088e-06	0.050300688	5.7464295e-06	-1.249343e-16
9.775012183424253e-08	-1.2854464e-06	0.050300702	7.857409e-06	-1.2493425e-16
9.800015367960226e-08	2.4261765e-06	0.050300702	7.3573806e-06	-1.2493425e-16
9.825004588227802e-08	3.099219e-06	0.050300702	4.6792898e-06	-1.2493426e-16
9.850006338213498e-08	-4.8970847e-08	0.05030069	3.2705611e-06	-1.2493425e-16
9.875001509673136e-08	-2.0456157e-06	0.050300684	4.489422e-06	-1.2493418e-16
9.900006476601908e-08	2.5617518e-07	0.050300695	5.581162e-06	-1.2493418e-16
9.925003631994927e-08	3.6152842e-06	0.050300684	3.819899e-06	-1.2493416e-16
9.95001460050999e-08	3.1916393e-06	0.050300684	5.8715995e-07	-1.2493417e-16
9.97500779549781e-08	-2.988231e-07	0.05030068	-6.5738504e-07	-1.2493422e-16
1.0000002284050624e-07	-1.576185e-06	0.050300684	5.101074e-07	-1.249342e-16
1.0025010588578372e-07	1.2888205e-06	0.05030069	8.790601e-07	-1.2493422e-16
1.0050009264849068e-07	4.0145123e-06	0.0503007	-1.5832078e-06	-1.2493424e-16
1.0075005343075791e-07	2.4845895e-06	0.050300684	-4.6587534e-06	-1.2493422e-16
1.0100002041057749e-07	-1.0980922e-06	0.05030069	-5.1588363e-06	-1.249342e-16
1.012500780076001e-07	-1.5626615e-06	0.05030071	-3.6224994e-06	-1.2493417e-16
1.015000252933447e-07	1.6443463e-06	0.050300695	-3.496842e-06	-1.2493418e-16
1.0175010467072807e-07	3.534031e-06	0.05030071	-5.96843e-06	-1.249342e-16
1.0200014817122297e-07	1.0341505e-06	0.050300706	-8.1576e-06	-1.2493421e-16
1.0225014275111944e-07	-2.3263544e-06	0.050300725	-7.4077734e-06	-1.249342e-16
1.0250013189890559e-07	-1.8836753e-06	0.050300725	-5.218224e-06	-1.2493421e-16
1.0275003375172701e-07	1.4822812e-06	0.050300706	-4.988042e-06	-1.2493421e-16
1.0300015145360676e-07	2.4554809e-06	0.050300725	-6.9711423e-06	-1.2493416e-16
1.0325014082721307e-07	-7.070072e-07	0.050300725	-7.881251e-06	-1.2493414e-16
1.035000360346452e-07	-3.5030191e-06	0.05030072	-5.7998027e-06	-1.2493408e-16
1.0375006008835446e-07	-2.0751922e-06	0.050300714	-3.0504032e-06	-1.2493412e-16
1.040000525613516e-07	1.27919e-06	0.050300714	-2.7412177e-06	-1.2493413e-16
1.0425014159488988e-07	1.3568811e-06	0.050300695	-4.1844087e-06	-1.249341e-16
1.0450011637643575e-07	-2.123888e-06	0.050300717	-3.9173256e-06	-1.2493412e-16
1.0475013504649369e-07	-4.066924e-06	0.050300702	-9.269064e-07	-1.2493412e-16
1.050001358995163e-07	-1.6934263e-06	0.050300688	1.8449263e-06	-1.2493409e-16
1.0525002765251467e-07	1.4478942e-06	0.050300706	1.8150156e-06	-1.2493404e-16
1.0550003221740098e-07	6.984043e-07	0.050300695	5.8911064e-07	-1.2493402e-16
1.0575010723860535e-07	-2.7964782e-06	0.050300695	1.5252286e-06	-1.2493401e-16
1.0600011073089137e-07	-3.6806418e-06	0.05030068	4.6795067e-06	-1.2493402e-16
1.0625015469043854e-07	-5.451499e-07	0.050300695	6.717552e-06	-1.2493405e-16
1.0650009208738398e-07	2.1560456e-06	0.050300706	5.8161127e-06	-1.2493404e-16
1.0675002279965653e-07	5.9690007e-07	0.05030071	4.374439e-06	-1.2493406e-16
1.0700004588327878e-07	-2.6512478e-06	0.050300695	5.3886934e-06	-1.2493406e-16
1.0725004193173223e-07	-2.4779042e-06	0.0503007	7.980737e-06	-1.2493404e-16
1.0750010678066387e-07	1.1115054e-06	0.050300702	8.692741e-06	-1.2493398e-16
1.0775010263703483e-07	3.1062818e-06	0.050300695	6.6122143e-06	-1.2493398e-16
1.0800014637520802e-07	7.7462414e-07	0.05030069	4.7459384e-06	-1.2493398e-16
1.0825008287286334e-07	-2.0660275e-06	0.050300673	5.5131045e-06	-1.24934e-16
1.0850015766341181e-07	-9.550214e-07	0.050300676	7.1855025e-06	-1.2493396e-16
1.087500729439451e-07	2.7246342e-06	0.050300676	6.4461883e-06	-1.2493397e-16
1.0900013831443418e-07	3.757891e-06	0.050300684	3.3662536e-06	-1.2493397e-16
1.0925013075656502e-07	7.4199124e-07	0.05030067	1.3076175e-06	-1.2493396e-16
1.0950015467825008e-07	-1.5805394e-06	0.05030067	1.9650026e-06	-1.2493393e-16
1.0975006516268124e-07	2.8676746e-07	0.050300676	2.85723e-06	-1.2493389e-16
1.1000011627533299e-07	3.7102088e-06	0.05030067	1.0675734e-06	-1.2493389e-16
1.1025002433091383e-07	3.5911612e-06	0.05030067	-2.3719397e-06	-1.249339e-16
1.1050004654774595e-07	8.404012e-08	0.05030066	-3.9900433e-06	-1.2493389e-16
1.1075007559699285e-07	-1.6018702e-06	0.050300673	-2.9835917e-06	-1.249339e-16
1.1100014996255757e-07	8.6705114e-07	0.050300665	-2.401742e-06	-1.2493392e-16
1.1125006909622922e-07	3.7428863e-06	0.050300665	-4.537051e-06	-1.2493393e-16
1.1150009023508756e-07	2.489563e-06	0.05030066	-7.5051457e-06	-1.2493385e-16
1.1175011036676865e-07	-1.2089697e-06	0.050300673	-7.990219e-06	-1.2493388e-16
1.1200015821885664e-07	-2.1136932e-06	0.050300684	-6.177913e-06	-1.2493383e-16
1.1225000072536015e-07	8.2594426e-07	0.050300673	-5.434264e-06	-1.2493384e-16
1.1250014649107443e-07	2.973486e-06	0.050300688	-7.2958796e-06	-1.2493385e-16
1.1275002847595729e-07	7.719335e-07	0.05030068	-9.148338e-06	-1.2493381e-16
1.1300014238190511e-07	-2.7552342e-06	0.050300695	-8.1287735e-06	-1.2493384e-16
1.1325013704582385e-07	-2.7164733e-06	0.050300688	-5.3982844e-06	-1.2493385e-16
1.1350015752648925e-07	5.719108e-07	0.050300673	-4.3844093e-06	-1.2493387e-16
1.1375009494387344e-07	1.9306237e-06	0.050300676	-5.740144e-06	-1.2493381e-16
1.1400009769634415e-07	-9.2160275e-07	0.050300673	-6.3491952e-06	-1.249338e-16
1.1425004452186241e-07	-3.9208876e-06	0.050300665	-4.020821e-06	-1.2493375e-16
1.1450007120500511e-07	-2.8078894e-06	0.05030065	-7.655404e-07	-1.2493379e-16
1.1475003314601135e-07	6.4393487e-07	0.050300673	1.5854836e-07	-1.2493377e-16
1.1500014561065418e-07	1.2218213e-06	0.05030067	-9.486892e-07	-1.2493377e-16
1.152500869437011e-07	-2.0128716e-06	0.050300676	-6.9845805e-07	-1.2493376e-16
1.1550009121713092e-07	-4.1753606e-06	0.05030067	2.2702868e-06	-1.2493373e-16
1.1575008384394495e-07	-2.0430377e-06	0.050300688	5.254962e-06	-1.2493375e-16
1.1600005999228673e-07	1.3601664e-06	0.05030069	5.443638e-06	-1.2493377e-16
1.1625009033273714e-07	1.1292026e-06	0.050300706	4.072948e-06	-1.2493368e-16
1.1650013281622617e-07	-2.2369552e-06	0.0503007	4.5563957e-06	-1.2493367e-16
1.1675002929269355e-07	-3.4102154e-06	0.050300684	7.341992e-06	-1.2493372e-16
1.1700015374117782e-07	-4.602265e-07	0.050300717	9.246631e-06	-1.2493372e-16
1.1725000299604782e-07	2.5880606e-06	0.050300702	8.145463e-06	-1.2493372e-16
1.17500012090151e-07	1.4682937e-06	0.050300702	6.1339683e-06	-1.2493371e-16
1.1775001833234798e-07	-1.8028271e-06	0.05030069	6.3770467e-06	-1.2493367e-16
1.1800011877428e-07	-2.0191092e-06	0.050300706	8.409998e-06	-1.2493372e-16
1.1825014552241629e-07	1.4183747e-06	0.050300714	8.812817e-06	-1.2493372e-16
1.1850007913148449e-07	3.7772581e-06	0.050300702	6.331964e-06	-1.2493365e-16
1.1875006003057836e-07	1.7503454e-06	0.050300688	3.743822e-06	-1.2493367e-16
1.1900001152732464e-07	-1.296935e-06	0.05030069	3.7401373e-06	-1.249337e-16
1.1925005681885576e-07	-6.6335696e-07	0.05030071	4.963116e-06	-1.2493367e-16
1.1950015024957687e-07	2.9228802e-06	0.050300676	4.0452046e-06	-1.2493364e-16
1.1975002731514146e-07	4.2705383e-06	0.05030068	6.6984785e-07	-1.2493365e-16
1.2000001679230617e-07	1.4243586e-06	0.050300665	-1.9216538e-06	-1.249337e-16
1.2025007680382462e-07	-1.2758687e-06	0.050300673	-1.7075105e-06	-1.249337e-16
1.2050008629502853e-07	9.887365e-08	0.050300676	-8.5982407e-07	-1.2493363e-16
1.207500262894857e-07	3.5157952e-06	0.05030066	-2.4544652e-06	-1.2493359e-16
1.2100012794824258e-07	3.706757e-06	0.05030067	-5.8618457e-06	-1.2493363e-16
1.2125002850678717e-07	2.431552e-07	0.050300673	-7.616065e-06	-1.2493364e-16
1.215001217750633e-07	-1.9065805e-06	0.05030069	-6.5705995e-06	-1.249336e-16
1.2175001208339358e-07	1.4659695e-07	0.050300684	-5.530444e-06	-1.2493359e-16
1.2200000475974175e-07	3.1312754e-06	0.050300688	-7.0593574e-06	-1.2493356e-16
1.22250092752979e-07	2.2336185e-06	0.050300695	-9.653298e-06	-1.2493368e-16
1.2250003477192443e-07	-1.5207678e-06	0.050300714	-9.920434e-06	-1.2493363e-16
1.2275002902168959e-07	-2.8840968e-06	0.050300695	-7.660281e-06	-1.2493357e-16
1.2300010688008324e-07	-2.0655857e-07	0.050300688	-6.1211804e-06	-1.2493357e-16
1.2325003605005093e-07	2.2171205e-06	0.0503007	-7.1887534e-06	-1.2493364e-16
1.2350001248771472e-07	4.0113778e-07	0.05030068	-8.5693055e-06	-1.2493357e-16
1.2375008954620765e-07	-3.229588e-06	0.050300684	-7.223162e-06	-1.2493356e-16
1.2400014196860616e-07	-3.546069e-06	0.050300665	-3.9321726e-06	-1.2493356e-16
1.2425012585723937e-07	-3.6006244e-07	0.05030067	-2.1318956e-06	-1.2493361e-16
1.2450011639485874e-07	1.4577042e-06	0.05030067	-2.8644909e-06	-1.2493364e-16
1.247500188005375e-07	-1.022835e-06	0.050300673	-3.241734e-06	-1.2493357e-16
1.250000393129189e-07	-4.161005e-06	0.050300673	-8.015741e-07	-1.2493351e-16
1.252501064589544e-07	-3.3340445e-06	0.050300673	2.788847e-06	-1.2493353e-16
1.2550001465619007e-07	2.0858387e-07	0.050300688	4.159212e-06	-1.2493356e-16
1.2575012865647032e-07	1.3235873e-06	0.0503007	3.207055e-06	-1.2493353e-16
1.2600005076574848e-07	-1.603152e-06	0.050300706	3.2121484e-06	-1.2493355e-16
1.2625000292817681e-07	-3.9637735e-06	0.05030069	5.890239e-06	-1.249335e-16
1.2650005032316107e-07	-2.080921e-06	0.05030072	8.815636e-06	-1.2493359e-16
1.267500334050476e-07	1.5459711e-06	0.050300717	8.968548e-06	-1.2493357e-16
1.270000846896185e-07	1.837204e-06	0.050300717	7.219423e-06	-1.2493353e-16
1.2725013011970368e-07	-1.3650289e-06	0.050300717	6.991191e-06	-1.2493351e-16
1.2750015568318472e-07	-2.8344782e-06	0.05030072	9.13685e-06	-1.2493357e-16
1.2775014220122888e-07	-1.1535573e-07	0.050300732	1.0667172e-05	-1.2493352e-16
1.280000904672977e-07	3.1962084e-06	0.05030072	9.191253e-06	-1.2493353e-16
1.28250083249552e-07	2.4930735e-06	0.05030072	6.474473e-06	-1.2493352e-16
1.2850014615302036e-07	-8.131312e-07	0.05030072	5.8084183e-06	-1.2493355e-16
1.2875006574795062e-07	-1.4404233e-06	0.050300732	7.1444297e-06	-1.249336e-16
1.290001181377474e-07	1.7798777e-06	0.050300725	7.180951e-06	-1.2493356e-16
1.2925000990701363e-07	4.4066333e-06	0.050300717	4.303672e-06	-1.2493348e-16
1.2950014665120194e-07	2.63868e-06	0.050300702	1.0431896e-06	-1.249335e-16
1.297500619685977e-07	-6.381937e-07	0.050300702	3.3551996e-07	-1.2493352e-16
1.3000007620247492e-07	-4.80217e-07	0.0503007	1.1918761e-06	-1.2493351e-16
1.302500783885519e-07	2.910573e-06	0.050300676	2.4215743e-07	-1.2493353e-16
1.3050008707662703e-07	4.528296e-06	0.05030068	-3.2192468e-06	-1.2493348e-16
1.3075005840885598e-07	1.813583e-06	0.050300676	-6.114624e-06	-1.2493356e-16
1.3100004521221177e-07	-1.2488192e-06	0.0503007	-6.1209635e-06	-1.2493359e-16
1.312501428975609e-07	-3.3863355e-07	0.050300684	-5.0881235e-06	-1.2493353e-16
1.3150011336156305e-07	2.9669068e-06	0.050300688	-6.2202325e-06	-1.249335e-16
1.3175012546258436e-07	3.4707566e-06	0.050300714	-9.273995e-06	-1.2493353e-16
1.320000354931972e-07	5.5913432e-08	0.05030072	-1.087969e-05	-1.2493355e-16
1.3225015830976326e-07	-2.4935198e-06	0.050300714	-9.531758e-06	-1.2493353e-16
1.32500130382568e-07	-8.4362097e-07	0.050300706	-7.7961795e-06	-1.2493353e-16
1.327500486782762e-07	2.2160648e-06	0.05030071	-8.47345e-06	-1.2493355e-16
1.3300007647944812e-07	1.6943297e-06	0.050300695	-1.0439591e-05	-1.2493359e-16
1.3325000104480998e-07	-2.0399245e-06	0.050300695	-1.0290471e-05	-1.2493357e-16
1.3350015174080391e-07	-3.7614357e-06	0.05030067	-7.451556e-06	-1.249335e-16
1.3375013660153107e-07	-1.3412963e-06	0.050300658	-5.0276517e-06	-1.249335e-16
1.340000763508616e-07	1.3734701e-06	0.050300676	-5.2139976e-06	-1.2493355e-16
1.3425007533490696e-07	-6.1577357e-09	0.05030067	-6.058216e-06	-1.2493353e-16
1.3450002174930545e-07	-3.6278605e-06	0.05030066	-4.41134e-06	-1.2493355e-16
1.3475013857514875e-07	-4.2395104e-06	0.05030066	-6.6540457e-07	-1.2493347e-16
1.350000828244079e-07	-1.1394906e-06	0.050300676	1.7996268e-06	-1.2493355e-16
1.3525009509724798e-07	1.1247962e-06	0.050300673	1.5758384e-06	-1.2493356e-16
1.355000033178551e-07	-9.1273887e-07	0.050300673	1.2765147e-06	-1.2493353e-16
1.3575005977184706e-07	-4.0774744e-06	0.050300673	3.5918843e-06	-1.2493348e-16
1.3600014094108463e-07	-3.5212026e-06	0.050300673	7.2187727e-06	-1.249335e-16
1.3625003107078345e-07	8.5140556e-08	0.050300684	8.769903e-06	-1.2493356e-16
1.36500051053833e-07	1.7138597e-06	0.050300673	7.726062e-06	-1.2493356e-16
1.3675007609092471e-07	-8.53758e-07	0.05030068	7.212054e-06	-1.2493359e-16
1.3700007406684885e-07	-3.3429371e-06	0.050300673	9.262887e-06	-1.2493353e-16
1.3725000368284344e-07	-1.7497537e-06	0.050300695	1.1783513e-05	-1.2493356e-16
1.3750006596597215e-07	2.0282453e-06	0.05030069	1.1631684e-05	-1.2493361e-16
1.3775008867365616e-07	2.785525e-06	0.050300688	9.285645e-06	-1.2493356e-16
1.3800009550563303e-07	-1.8879602e-07	0.050300688	8.109916e-06	-1.2493352e-16
1.382501238784179e-07	-1.9711124e-06	0.050300695	9.3540275e-06	-1.2493357e-16
1.3850004704323784e-07	4.165683e-07	0.050300695	1.030651e-05	-1.2493357e-16
1.387500860035865e-07	3.9047572e-06	0.050300673	8.340424e-06	-1.2493355e-16
1.3900000306682386e-07	3.554482e-06	0.050300673	4.857887e-06	-1.2493348e-16
1.3925006095710396e-07	2.4380458e-07	0.05030067	3.2491034e-06	-1.2493357e-16
1.3950003990926717e-07	-8.398722e-07	0.05030067	3.8526273e-06	-1.249336e-16
1.3975011860729252e-07	2.0398518e-06	0.050300647	3.546368e-06	-1.2493355e-16
1.4000013380691401e-07	4.8374063e-06	0.05030064	4.0747904e-07	-1.249335e-16
1.402500448677119e-07	3.3187393e-06	0.050300643	-3.3371557e-06	-1.2493343e-16
1.405001436690539e-07	-1.6635992e-07	0.050300647	-4.575686e-06	-1.2493351e-16
1.4075013819879973e-07	-5.4894133e-07	0.050300654	-3.904321e-06	-1.2493355e-16
1.4100006622211507e-07	2.565638e-06	0.05030067	-4.642064e-06	-1.2493356e-16
1.4125006403336986e-07	4.3906252e-06	0.05030068	-7.872148e-06	-1.2493353e-16
1.4150012215015735e-07	1.8392795e-06	0.050300695	-1.0741407e-05	-1.249336e-16
1.417500867927974e-07	-1.5373464e-06	0.05030071	-1.0676275e-05	-1.2493357e-16
1.4200006943123672e-07	-1.1629812e-06	0.050300695	-9.157874e-06	-1.2493352e-16
1.4225008236969221e-07	2.0295117e-06	0.05030071	-9.487867e-06	-1.2493352e-16
1.4250008437769376e-07	2.8376721e-06	0.05030071	-1.1851029e-05	-1.2493356e-16
1.4275013013106577e-07	-4.5898287e-07	0.050300706	-1.2990995e-05	-1.2493355e-16
1.4300005492919518e-07	-3.3477043e-06	0.05030069	-1.10877645e-05	-1.2493359e-16
1.432500805770101e-07	-2.0978575e-06	0.050300684	-8.424467e-06	-1.2493355e-16
1.4350006327291542e-07	1.0710015e-06	0.050300688	-8.036603e-06	-1.2493356e-16
1.4375010852301272e-07	9.608425e-07	0.050300676	-9.193529e-06	-1.2493357e-16
1.4400011856055896e-07	-2.6318287e-06	0.05030067	-8.512194e-06	-1.2493357e-16
1.4425015777549834e-07	-4.66846e-06	0.050300658	-5.05041e-06	-1.249335e-16
1.445000698173959e-07	-2.4555163e-06	0.050300658	-1.7278844e-06	-1.2493351e-16
1.4475005323759658e-07	6.007958e-07	0.050300647	-1.0635094e-06	-1.2493352e-16
1.4500008809070629e-07	-3.0192524e-07	0.050300647	-1.4641068e-06	-1.2493356e-16
1.452501158596259e-07	-3.7998257e-06	0.050300643	3.4722416e-07	-1.2493356e-16
1.4550004398749186e-07	-4.71519e-06	0.05030064	4.3629516e-06	-1.249335e-16
1.45750111053464e-07	-1.6201575e-06	0.05030066	7.270358e-06	-1.2493356e-16
1.4600010040601146e-07	1.1251577e-06	0.050300647	7.2833623e-06	-1.2493356e-16
1.462500442745056e-07	-4.4810596e-07	0.050300647	6.76296e-06	-1.2493355e-16
1.4650012906476577e-07	-3.5795438e-06	0.05030065	8.634654e-06	-1.2493351e-16
1.4675003371782522e-07	-3.329156e-06	0.050300654	1.1968829e-05	-1.2493351e-16
1.4700000465944969e-07	3.8571676e-07	0.050300673	1.3335726e-05	-1.2493357e-16
1.4725006530569548e-07	2.509543e-06	0.05030067	1.1844419e-05	-1.2493357e-16
1.475000422272027e-07	3.117179e-07	0.05030066	1.0460073e-05	-1.2493359e-16
1.477500216074144e-07	-2.329932e-06	0.05030068	1.1542818e-05	-1.2493352e-16
1.480001520232447e-07	-1.0613524e-06	0.050300676	1.33479725e-05	-1.2493359e-16
1.4825005890298052e-07	2.8178713e-06	0.050300665	1.260985e-05	-1.2493357e-16
1.4850010353106267e-07	4.002435e-06	0.05030067	9.400845e-06	-1.2493359e-16
1.487500206447332e-07	1.1784681e-06	0.050300647	7.084608e-06	-1.2493353e-16
1.4900004253419694e-07	-9.804702e-07	0.050300647	7.289323e-06	-1.2493356e-16
1.4925008898561423e-07	1.0509933e-06	0.050300628	7.5635044e-06	-1.2493357e-16
1.4950010577377894e-07	4.6078117e-06	0.05030061	5.0574e-06	-1.2493361e-16
1.497500625764269e-07	4.5672896e-06	0.050300606	8.3403154e-07	-1.2493352e-16
1.500001504470895e-07	1.1963956e-06	0.050300602	-1.6532161e-06	-1.2493356e-16
1.502501201751426e-07	-4.3214806e-07	0.050300617	-1.6497482e-06	-1.2493357e-16
1.505001226409828e-07	2.0756208e-06	0.05030062	-2.1139058e-06	-1.2493357e-16
1.507500526376057e-07	4.9782943e-06	0.050300628	-5.2908877e-06	-1.2493356e-16
1.5100001046193746e-07	3.668996e-06	0.050300658	-9.257794e-06	-1.2493355e-16
1.5125003553336175e-07	-6.7235774e-08	0.05030068	-1.0731654e-05	-1.249336e-16
1.5150013441651192e-07	-1.0398344e-06	0.050300676	-9.8945875e-06	-1.2493359e-16
1.517500486714654e-07	1.7736814e-06	0.050300702	-1.0052486e-05	-1.249336e-16
1.5200006736871994e-07	3.8066464e-06	0.05030072	-1.2662303e-05	-1.2493353e-16
1.5225004356932878e-07	1.4137701e-06	0.050300717	-1.5113733e-05	-1.2493356e-16
1.5250009954352843e-07	-2.2701572e-06	0.05030073	-1.4587478e-05	-1.249336e-16
1.5275008882011555e-07	-2.4180258e-06	0.050300717	-1.2214184e-05	-1.2493357e-16
1.5300007711999222e-07	6.53628e-07	0.05030072	-1.1377227e-05	-1.2493359e-16
1.5325013907055946e-07	1.8124862e-06	0.050300717	-1.2692538e-05	-1.2493356e-16
1.5350000034544012e-07	-1.2662531e-06	0.05030071	-1.3081106e-05	-1.2493364e-16
1.5375000245796829e-07	-4.45646e-06	0.0503007	-1.0387735e-05	-1.2493365e-16
1.540000129083941e-07	-3.5239236e-06	0.050300695	-6.627928e-06	-1.2493359e-16
1.5425009708471677e-07	-2.4061566e-07	0.0503007	-5.0188196e-06	-1.2493361e-16
1.545001085934637e-07	1.5158714e-07	0.050300684	-5.255179e-06	-1.2493361e-16
1.547500854298028e-07	-3.1854386e-06	0.050300673	-4.030141e-06	-1.2493363e-16
1.550000996643836e-07	-5.4714087e-06	0.05030066	-1.2246045e-08	-1.2493364e-16
1.5525005138683321e-07	-3.4027314e-06	0.05030067	4.0798836e-06	-1.2493363e-16
1.5550002679722267e-07	-8.128753e-09	0.05030066	5.4513325e-06	-1.2493363e-16
1.5575014017077633e-07	-3.2456677e-07	0.050300658	5.3193353e-06	-1.2493365e-16
1.5600002880067408e-07	-3.5918551e-06	0.050300665	7.0168753e-06	-1.2493368e-16
1.5625010105020092e-07	-4.7354e-06	0.050300676	1.0936694e-05	-1.2493356e-16
1.565000703778346e-07	-1.6781445e-06	0.05030069	1.390934e-05	-1.2493363e-16
1.5675012898662648e-07	1.5151918e-06	0.050300695	1.3816465e-05	-1.2493365e-16
1.5700011790648954e-07	5.2373537e-07	0.05030071	1.26968735e-05	-1.2493363e-16
1.5725013304460218e-07	-2.5436786e-06	0.050300725	1.3662035e-05	-1.2493368e-16
1.5750014445477582e-07	-2.5609572e-06	0.05030073	1.6211921e-05	-1.2493365e-16
1.5775003097013486e-07	1.1377726e-06	0.050300717	1.6962182e-05	-1.2493367e-16
1.5800007899670928e-07	3.7291738e-06	0.050300714	1.4644536e-05	-1.249337e-16
1.5825010346351547e-07	1.9338952e-06	0.050300695	1.2022582e-05	-1.2493363e-16
1.5850005278062562e-07	-8.836977e-07	0.050300676	1.1745908e-05	-1.2493365e-16
1.5875000651225827e-07	6.1729755e-09	0.050300673	1.24694e-05	-1.2493364e-16
1.590001172508629e-07	3.8085082e-06	0.05030063	1.089237e-05	-1.2493368e-16
1.5925002883038507e-07	5.369054e-06	0.050300624	6.6944685e-06	-1.2493365e-16
1.5950003669619487e-07	2.6977866e-06	0.05030062	3.1000918e-06	-1.2493368e-16
1.5975003262575218e-07	9.958548e-08	0.050300617	2.1466342e-06	-1.2493365e-16
1.6000008133472802e-07	1.6463973e-06	0.050300602	1.7170472e-06	-1.2493367e-16
1.6025002507192234e-07	5.115996e-06	0.050300613	-1.2185357e-06	-1.2493371e-16
1.6050011339832884e-07	5.3637696e-06	0.050300613	-6.005764e-06	-1.249337e-16
1.6075008683798912e-07	1.9131537e-06	0.05030062	-9.179766e-06	-1.2493373e-16
1.6100014916577463e-07	-3.0267466e-07	0.050300628	-9.559826e-06	-1.2493372e-16
1.6125012536466277e-07	1.7146398e-06	0.050300624	-9.8920955e-06	-1.2493371e-16
1.6150002897800555e-07	4.569951e-06	0.050300654	-1.2699474e-05	-1.249337e-16
1.617501399871482e-07	3.4826403e-06	0.05030067	-1.6420212e-05	-1.2493375e-16
1.6200011153149271e-07	-4.480739e-07	0.05030068	-1.7687733e-05	-1.2493373e-16
1.6225005603273592e-07	-2.0528944e-06	0.050300688	-1.626833e-05	-1.2493376e-16
1.6250008616205726e-07	3.82854e-07	0.05030069	-1.5358059e-05	-1.2493373e-16
1.62750131842441e-07	2.5468346e-06	0.050300706	-1.6800599e-05	-1.2493368e-16
1.630000886213411e-07	3.915314e-07	0.050300695	-1.8293316e-05	-1.2493379e-16
1.6325002371458234e-07	-3.483971e-06	0.05030067	-1.6843298e-05	-1.2493376e-16
1.6350008049563193e-07	-4.125986e-06	0.05030066	-1.32178175e-05	-1.2493373e-16
1.6375002716261342e-07	-1.1953059e-06	0.05030065	-1.0825829e-05	-1.2493379e-16
1.6400012193611996e-07	3.7303238e-07	0.050300624	-1.0703368e-05	-1.2493375e-16
1.642500452947235e-07	-2.3854761e-06	0.050300606	-1.0016669e-05	-1.2493377e-16
1.6450002270576908e-07	-5.695833e-06	0.05030059	-6.3501707e-06	-1.2493377e-16
1.6475009417579752e-07	-5.049101e-06	0.050300583	-1.384941e-06	-1.2493377e-16
1.6500012374985059e-07	-1.631457e-06	0.05030058	1.5163422e-06	-1.2493377e-16
1.6525003047859617e-07	-6.3254754e-07	0.05030057	2.2235783e-06	-1.2493381e-16
1.6550012753668019e-07	-3.6033716e-06	0.050300572	3.9354236e-06	-1.2493376e-16
1.6575004222119326e-07	-5.9743006e-06	0.050300594	8.311164e-06	-1.2493381e-16
1.6600010069022565e-07	-4.00361e-06	0.050300613	1.2900721e-05	-1.2493384e-16
1.6625007587436562e-07	-2.8860947e-07	0.05030063	1.4686151e-05	-1.2493377e-16
1.6650000282283827e-07	1.0377981e-07	0.050300647	1.4490973e-05	-1.2493384e-16
1.6675006868608606e-07	-2.8342438e-06	0.05030066	1.5649037e-05	-1.2493384e-16
1.6700009552581058e-07	-4.1261605e-06	0.05030069	1.8952434e-05	-1.2493381e-16
1.6725012217896132e-07	-1.0637863e-06	0.0503007	2.1429603e-05	-1.2493383e-16
1.6750013965311729e-07	2.5350566e-06	0.05030069	2.067035e-05	-1.2493379e-16
1.6775013421053225e-07	2.1577428e-06	0.05030069	1.8393343e-05	-1.2493383e-16
1.680001239385369e-07	-7.3392073e-07	0.050300688	1.7841512e-05	-1.2493388e-16
1.682500928195102e-07	-1.0863023e-06	0.050300688	1.8966415e-05	-1.2493388e-16
1.6850010451988327e-07	2.5571376e-06	0.050300647	1.8513529e-05	-1.2493383e-16
1.687500320540278e-07	5.486883e-06	0.05030062	1.4869734e-05	-1.2493385e-16
1.6900007907012058e-07	4.0361633e-06	0.050300606	1.0559884e-05	-1.2493385e-16
1.6925008407294655e-07	1.0698128e-06	0.050300572	8.506341e-06	-1.2493388e-16
1.6950009411174824e-07	1.4230727e-06	0.05030054	7.785992e-06	-1.2493389e-16
1.6975008508302433e-07	5.0522585e-06	0.050300524	5.0983645e-06	-1.2493385e-16
1.7000015720865336e-07	6.851454e-06	0.0503005	-2.5749208e-07	-1.2493389e-16
1.702500147126093e-07	4.240137e-06	0.05030051	-5.1770967e-06	-1.2493389e-16
1.705001536539733e-07	1.2154352e-06	0.050300524	-7.3110514e-06	-1.2493392e-16
1.7075003850772091e-07	2.109585e-06	0.050300516	-8.404038e-06	-1.249339e-16
1.7100015808844784e-07	5.3530425e-06	0.050300546	-1.1607842e-05	-1.249339e-16
1.712500317108372e-07	5.7705693e-06	0.05030058	-1.6649907e-05	-1.2493389e-16
1.7150007996714051e-07	2.1702656e-06	0.050300602	-2.0144853e-05	-1.2493395e-16
1.717501272668059e-07	-6.7845514e-07	0.050300624	-2.0510608e-05	-1.2493396e-16
1.7200009524308875e-07	6.934395e-07	0.05030064	-2.0216432e-05	-1.2493388e-16
1.72250163849756e-07	3.366491e-06	0.050300673	-2.2031882e-05	-1.24934e-16
1.7250008526700472e-07	2.4812998e-06	0.05030069	-2.4809513e-05	-1.2493396e-16
1.7275002793763247e-07	-1.6501665e-06	0.050300688	-2.5168223e-05	-1.2493395e-16
1.730000930146843e-07	-3.9185084e-06	0.050300673	-2.246537e-05	-1.24934e-16
1.732501358624186e-07	-1.9003569e-06	0.050300673	-1.973889e-05	-1.2493397e-16
1.7350001699877108e-07	3.265742e-07	0.05030064	-1.9210036e-05	-1.2493397e-16
1.7375005907115027e-07	-1.423665e-06	0.050300594	-1.899443e-05	-1.2493405e-16
1.7400010386900652e-07	-5.4082857e-06	0.05030055	-1.597876e-05	-1.2493397e-16
1.7425004195766054e-07	-6.516516e-06	0.05030051	-1.0522387e-05	-1.24934e-16
1.745000333917611e-07	-3.6330064e-06	0.050300483	-6.0078773e-06	-1.2493402e-16
1.747500341454772e-07	-1.6513094e-06	0.050300438	-3.9397587e-06	-1.2493401e-16
1.7500016428619806e-07	-3.8412545e-06	0.050300423	-1.7898733e-06	-1.2493405e-16
1.752501024643643e-07	-7.1443023e-06	0.05030043	3.0912051e-06	-1.2493401e-16
1.7550002868694618e-07	-6.752802e-06	0.05030045	9.400519e-06	-1.2493401e-16
1.7575002484460694e-07	-3.077712e-06	0.050300475	1.3695955e-05	-1.2493409e-16
1.7600006284186539e-07	-1.3852704e-06	0.050300516	1.5367377e-05	-1.2493409e-16
1.7625002796599833e-07	-3.731504e-06	0.050300557	1.741962e-05	-1.2493401e-16
1.765000695653806e-07	-6.0219604e-06	0.050300617	2.1837517e-05	-1.2493409e-16
1.7675000335395022e-07	-4.1230905e-06	0.050300658	2.650781e-05	-1.2493409e-16
1.77000022739103e-07	7.666012e-08	0.050300673	2.822746e-05	-1.2493408e-16
1.7725007450828163e-07	1.3366265e-06	0.050300702	2.735333e-05	-1.2493409e-16
1.7750007356574847e-07	-1.0970671e-06	0.050300717	2.7189039e-05	-1.2493406e-16
1.7775012823660735e-07	-2.387715e-06	0.050300725	2.8970675e-05	-1.2493408e-16
1.7800005947649987e-07	6.2697313e-07	0.050300714	3.0006062e-05	-1.2493416e-16
1.7825004604363652e-07	4.6912605e-06	0.050300695	2.7635748e-05	-1.249341e-16
1.7850012407416177e-07	5.044164e-06	0.050300654	2.3190541e-05	-1.2493409e-16
1.7875014252363142e-07	2.2829781e-06	0.05030062	2.0063466e-05	-1.2493417e-16
1.7900007483487284e-07	1.6048957e-06	0.050300557	1.87151e-05	-1.2493414e-16
1.7925008825730438e-07	5.0239933e-06	0.05030048	1.608545e-05	-1.2493413e-16
1.795001336960694e-07	8.183992e-06	0.050300416	1.0251565e-05	-1.2493414e-16
1.7975012996520592e-07	7.117526e-06	0.050300363	3.4413554e-06	-1.2493414e-16
1.800001500296611e-07	3.857878e-06	0.05030031	-1.1718815e-06	-1.2493417e-16
1.8025000219704117e-07	3.5392188e-06	0.05030027	-4.0145355e-06	-1.2493418e-16
1.805000183495915e-07	6.8330382e-06	0.050300278	-8.332567e-06	-1.2493414e-16
1.8075006693505947e-07	8.662521e-06	0.050300308	-1.519745e-05	-1.2493418e-16
1.810000446942587e-07	6.105357e-06	0.050300356	-2.1727194e-05	-1.2493421e-16
1.8125013872712298e-07	2.479587e-06	0.050300412	-2.5229128e-05	-1.2493417e-16
1.815000172816142e-07	2.4348471e-06	0.050300486	-2.7001066e-05	-1.2493422e-16
1.817500220422406e-07	5.24929e-06	0.050300572	-3.0244371e-05	-1.249342e-16
1.820000614236513e-07	5.5422847e-06	0.050300647	-3.511792e-05	-1.249342e-16
1.8225005153432962e-07	1.6506846e-06	0.050300695	-3.833077e-05	-1.2493429e-16
1.8250009892569696e-07	-2.067995e-06	0.050300725	-3.7906386e-05	-1.2493421e-16
1.8275016518612843e-07	-1.7343343e-06	0.050300736	-3.5968584e-05	-1.2493422e-16
1.830000991097393e-07	5.987143e-07	0.05030072	-3.5511148e-05	-1.2493428e-16
1.832500773604652e-07	-2.783139e-07	0.05030067	-3.5916295e-05	-1.2493426e-16
1.8350011620124708e-07	-4.6872424e-06	0.050300594	-3.3848395e-05	-1.2493424e-16
1.8375008078637587e-07	-7.643755e-06	0.050300498	-2.8276336e-05	-1.2493425e-16
1.8400011894626787e-07	-6.1908295e-06	0.050300397	-2.207989e-05	-1.2493422e-16
1.8425006369158746e-07	-3.7877744e-06	0.050300296	-1.7904531e-05	-1.249343e-16
1.845000445838311e-07	-5.0771787e-06	0.05030019	-1.43547495e-05	-1.249343e-16
1.8475003680685524e-07	-9.085685e-06	0.050300118	-8.2382285e-06	-1.2493425e-16
1.8500011170250677e-07	-1.0548476e-05	0.05030008	5.2473763e-07	-1.2493432e-16
1.8525011436887968e-07	-7.7209315e-06	0.05030005	8.584694e-06	-1.2493429e-16
1.855001532502386e-07	-5.1708043e-06	0.05030005	1.3954423e-05	-1.2493429e-16
1.8575006898135772e-07	-6.631794e-06	0.05030009	1.8788576e-05	-1.2493432e-16
1.860001070902911e-07	-9.76458e-06	0.050300155	2.5941024e-05	-1.2493432e-16
1.8625015614274477e-07	-9.427552e-06	0.050300237	3.451185e-05	-1.249343e-16
1.8650006051727952e-07	-5.283594e-06	0.050300322	4.0942756e-05	-1.2493434e-16
1.8675004415149476e-07	-2.574673e-06	0.050300423	4.407861e-05	-1.2493432e-16
1.8700013831392708e-07	-3.830771e-06	0.050300524	4.662839e-05	-1.249343e-16
1.8725005544189884e-07	-5.6032573e-06	0.05030063	5.0849263e-05	-1.2493436e-16
1.8750006628647497e-07	-3.3136855e-06	0.050300714	5.4992655e-05	-1.2493434e-16
1.8775009994353121e-07	1.9300899e-06	0.05030075	5.5627825e-05	-1.2493436e-16
1.8800005164440556e-07	4.6364557e-06	0.050300762	5.256371e-05	-1.2493438e-16
1.882500514919919e-07	3.4145605e-06	0.050300732	4.9002712e-05	-1.2493434e-16
1.8850014221309455e-07	2.552044e-06	0.05030061	4.6714435e-05	-1.2493438e-16
1.8875014294460704e-07	5.758122e-06	0.050300416	4.3470536e-05	-1.2493442e-16
1.8900000034028846e-07	1.0561943e-05	0.05030019	3.645279e-05	-1.2493434e-16
1.892500161577192e-07	1.176272e-05	0.050299898	2.661716e-05	-1.2493438e-16
1.895000456074886e-07	9.294034e-06	0.05029958	1.7536446e-05	-1.2493441e-16
1.8975014445386856e-07	8.2329525e-06	0.050299287	1.0308136e-05	-1.2493438e-16
1.9000009649990435e-07	1.13291835e-05	0.050299037	2.1528656e-06	-1.2493442e-16
1.9025015750916303e-07	1.4904988e-05	0.050298892	-9.249069e-06	-1.2493441e-16
1.905000089670778e-07	1.4370924e-05	0.050298844	-2.2083359e-05	-1.2493438e-16
1.9075002211085198e-07	1.1010639e-05	0.050298885	-3.2938504e-05	-1.2493445e-16
1.910000152063111e-07	1.0087332e-05	0.050299022	-4.1651943e-05	-1.2493442e-16
1.912500782215726e-07	1.2977128e-05	0.050299235	-5.13248e-05	-1.2493441e-16
1.9150010653092084e-07	1.4931769e-05	0.05029948	-6.341793e-05	-1.2493449e-16
1.9175005334081425e-07	1.2333042e-05	0.050299726	-7.524387e-05	-1.2493442e-16
1.920001178952866e-07	7.6041083e-06	0.050299972	-8.356441e-05	-1.2493445e-16
1.922500837137694e-07	5.7356992e-06	0.05030022	-8.883411e-05	-1.2493446e-16
1.9250006255365893e-07	6.789411e-06	0.05030043	-9.397686e-05	-1.2493449e-16
1.927500883036348e-07	5.56025e-06	0.05030062	-9.9411875e-05	-1.2493451e-16
1.930000700390326e-07	-2.7437778e-07	0.05030076	-0.00010180544	-1.249345e-16
1.932500771790783e-07	-7.251867e-06	0.050300818	-9.839757e-05	-1.2493443e-16
1.9350009130338554e-07	-1.0729932e-05	0.05030072	-9.0435744e-05	-1.249345e-16
1.937501342223077e-07	-1.14461545e-05	0.05030036	-8.097453e-05	-1.249345e-16
1.9400004200375128e-07	-1.4057668e-05	0.050299622	-7.037813e-05	-1.2493445e-16
1.9425010245774913e-07	-1.9276047e-05	0.050298475	-5.624343e-05	-1.249345e-16
1.9450009436211892e-07	-2.3007951e-05	0.050296962	-3.785556e-05	-1.2493451e-16
1.9475002281538403e-07	-2.2219267e-05	0.050295234	-1.8097e-05	-1.2493445e-16
1.950000370098389e-07	-2.0241043e-05	0.05029358	2.1110881e-07	-1.2493451e-16
1.9525000618658053e-07	-2.2577995e-05	0.05029226	1.8487844e-05	-1.249345e-16
1.9550004182576942e-07	-2.9183959e-05	0.05029139	4.0827555e-05	-1.2493449e-16
1.9575015888473693e-07	-3.5137637e-05	0.050290912	6.8792106e-05	-1.2493455e-16
1.9600013627218845e-07	-3.8217368e-05	0.050290525	0.000100339545	-1.2493449e-16
1.9625001489427523e-07	-4.316933e-05	0.05028977	0.00013458697	-1.2493454e-16
1.965000712744491e-07	-5.6061697e-05	0.050287873	0.00017583804	-1.2493461e-16
1.9675004635656277e-07	-7.8464946e-05	0.05028337	0.00023172042	-1.249346e-16
1.9700006294132758e-07	-0.00011016653	0.050273065	0.00031026235	-1.2493466e-16
1.9725001685084494e-07	-0.00015265943	0.050249927	0.0004215843	-1.2493474e-16
1.9750012758911231e-07	-0.00018436015	0.050203796	0.0005755121	-1.2493474e-16
1.977501015530472e-07	-0.000100130696	0.0501451	0.00072752585	-1.2493487e-16
1.9800013915797456e-07	0.00011797707	0.0501066	0.0007172931	-1.24935e-16
1.982500209239046e-07	0.0002261625	0.050065912	0.0004985467	-1.2493508e-16
1.985001236769952e-07	0.0001807354	0.049984332	0.00021119183	-1.2493519e-16
1.9875007632231918e-07	-2.9906956e-05	0.04987792	1.8482533e-05	-1.249353e-16
1.9900004655356425e-07	-0.0003897644	0.04975773	0.00019901157	-1.2493537e-16
1.9925007344949896e-07	-0.00041267788	0.04965037	0.0007422257	-1.2493551e-16
1.9950004653345162e-07	-0.00012644009	0.04957319	0.0010561286	-1.2493559e-16
1.9975003326489331e-07	0.000117903204	0.04940711	0.001011516	-1.2493563e-16
2.0000001452083893e-07	0.00026736816	0.049171858	0.00057376415	-1.2493568e-16
2.00250034355544e-07	-7.516425e-05	0.04909767	0.00037389473	-1.2493569e-16
2.0050000964935066e-07	-8.797396e-05	0.049053542	0.0005377106	-1.249356e-16
2.007500722832399e-07	-0.00012415428	0.04884694	0.00081963866	-1.249355e-16
2.0100001772160025e-07	0.00034467262	0.048705563	0.0007761834	-1.249354e-16
2.012501526632407e-07	0.0003124295	0.048664663	0.00017399073	-1.2493515e-16
2.0150013263644383e-07	1.7461885e-05	0.048559763	-0.00019972454	-1.2493482e-16
2.0175004316257412e-07	-0.0006909291	0.04839759	7.6581564e-05	-1.2493441e-16
2.0200005525392017e-07	-0.0005133665	0.048280347	0.0011306746	-1.24934e-16
2.0225014102066383e-07	0.00050568976	0.04822901	0.0011451883	-1.2493353e-16
2.025001267202944e-07	0.0007090482	0.04810492	0.00030954144	-1.2493294e-16
2.0275010063363997e-07	0.0003045082	0.048016883	-0.00053375785	-1.2493233e-16
2.0300014565650358e-07	-0.0005120035	0.04801687	-0.000317481	-1.249317e-16
2.0325008444522848e-07	-0.00038343872	0.047993466	0.0005400847	-1.2493103e-16
2.035001014189466e-07	6.158317e-05	0.04789343	0.0009985329	-1.2493037e-16
2.037500945065663e-07	0.00064969924	0.047909427	0.0005822894	-1.2492968e-16
2.0400008648991485e-07	0.0003413099	0.047987662	-0.00036440024	-1.2492902e-16
2.0425001141676293e-07	-0.0006961971	0.048033513	-0.00046483977	-1.2492833e-16
2.0450013681029049e-07	-0.0013223939	0.04812343	0.0007913838	-1.2492767e-16
2.047500275522776e-07	0.00021017563	0.048199497	0.0019136114	-1.2492705e-16
2.0500003982055386e-07	0.0021598984	0.04818426	0.0007431911	-1.2492655e-16
2.052501210523325e-07	0.0020512368	0.04816335	-0.001589541	-1.2492604e-16
2.055001575680178e-07	-0.00032088076	0.04785214	-0.002259767	-1.2492563e-16
2.0575014648638657e-07	-0.0019721664	0.047808614	-0.00040892835	-1.2492522e-16
2.0600007223239362e-07	-0.0011371075	0.047945045	0.0014034283	-1.2492485e-16
2.0625004517614954e-07	0.00081923616	0.047667548	0.0009730925	-1.2492461e-16
2.06500022348691e-07	0.0014894223	0.04743082	-0.000603008	-1.2492438e-16
2.0675009786439525e-07	0.0005054147	0.047385707	-0.0010773296	-1.2492431e-16
2.0700000680996796e-07	-0.00044136716	0.047493856	-0.0001752899	-1.2492427e-16
2.072500262558589e-07	-0.0003765768	0.0475979	0.00035467884	-1.2492426e-16
2.0750005383172585e-07	0.00013992001	0.047498606	-0.00033221094	-1.2492434e-16
2.0775011063023954e-07	-0.000111385256	0.047411107	-0.0008008782	-1.2492443e-16
2.080000525694238e-07	-0.0004714417	0.047278292	6.710963e-05	-1.2492456e-16
2.082500105761474e-07	0.00049822975	0.047542486	0.0007234321	-1.2492472e-16
2.0850009509975e-07	0.00047840102	0.04774659	1.2888475e-05	-1.2492492e-16
2.087500957958894e-07	-0.00036840606	0.047608282	-0.00069549074	-1.249252e-16
2.0900006660578844e-07	-0.001294758	0.047646638	-0.0004317006	-1.2492546e-16
2.0925000406490531e-07	-0.00092006195	0.047874395	0.00083996315	-1.2492575e-16
2.095000835629454e-07	0.0007184595	0.047981173	0.0011813815	-1.2492604e-16
2.0975006529974993e-07	0.0015421347	0.048153706	-0.0002481247	-1.2492627e-16
2.100001421765964e-07	0.0002688617	0.048062015	-0.0015998653	-1.2492645e-16
2.1025006585373967e-07	-0.0012423551	0.047947854	-0.0012830036	-1.2492663e-16
2.1050003127017677e-07	-0.0016153236	0.048210263	0.00043630827	-1.2492684e-16
2.1075007748584899e-07	-0.00042279102	0.04859966	0.0017853973	-1.2492701e-16
2.1100007596289745e-07	0.0015005446	0.048896216	0.0016015717	-1.2492717e-16
2.11250139512855e-07	0.00197927	0.04901208	-0.0001084551	-1.2492725e-16
2.1150010153041394e-07	0.00024101723	0.04881095	-0.0012330407	-1.249273e-16
2.117500264239015e-07	-0.001646239	0.048542354	-0.00022400157	-1.2492735e-16
2.120000359352238e-07	-0.0010864618	0.048586544	0.001828931	-1.2492745e-16
2.1225007517404642e-07	0.0017344913	0.048505735	0.0019659281	-1.2492749e-16
2.1250010335403778e-07	0.0028542401	0.048326686	-0.0008176702	-1.2492745e-16
2.1275013747488742e-07	2.7553277e-05	0.04809456	-0.0027930657	-1.249274e-16
2.130000053876867e-07	-0.002658424	0.04780486	-0.0009791144	-1.2492733e-16
2.132500214665885e-07	-0.0020633854	0.047885053	0.0021286013	-1.2492721e-16
2.1350009767937906e-07	0.0011695036	0.047971807	0.0026372343	-1.2492704e-16
2.1375003187736252e-07	0.0029359476	0.04790423	-0.00032795515	-1.2492685e-16
2.140000083413982e-07	0.001078883	0.04797075	-0.0026156625	-1.2492663e-16
2.1425010959544304e-07	-0.0017211846	0.04776907	-0.0013548951	-1.2492636e-16
2.1450014385424682e-07	-0.0015404004	0.047733065	0.0014676744	-1.249261e-16
2.1475012224547042e-07	0.0006477744	0.047466937	0.0018065643	-1.2492583e-16
2.1500002026155422e-07	0.0015972974	0.047359098	-0.00027141158	-1.2492558e-16
2.1525008795077103e-07	0.00019439188	0.047634333	-0.0017351689	-1.2492528e-16
2.1550014528625784e-07	-0.0016036443	0.047643177	-0.00038530436	-1.2492505e-16
2.1575008195592336e-07	-0.0006218958	0.047596704	0.0016039099	-1.2492476e-16
2.160000373730738e-07	0.001278438	0.047486532	0.0012960256	-1.2492456e-16
2.1625003103113823e-07	0.0015275873	0.047232546	-0.0009105898	-1.2492434e-16
2.1650002867836503e-07	-0.0003105361	0.046901315	-0.0019200797	-1.2492418e-16
2.1675007532835816e-07	-0.0021007105	0.04697727	-0.00050636317	-1.2492405e-16
2.1700004458329793e-07	-0.00161499	0.04720206	0.0012107856	-1.2492395e-16
2.1725012653686983e-07	0.00029586477	0.047524683	0.0012492213	-1.2492395e-16
2.1750014487754556e-07	0.0015315546	0.047668345	-0.00012114151	-1.2492394e-16
2.1775002422448105e-07	0.00059898116	0.047900848	-0.0012765748	-1.2492405e-16
2.1800010944244077e-07	-0.0014527445	0.04831288	-0.0005603322	-1.2492418e-16
2.1825003099713387e-07	-0.0013794943	0.048716042	0.0011066694	-1.2492432e-16
2.1850010111810347e-07	0.00036713033	0.048784148	0.0014073935	-1.2492455e-16
2.1875003072057755e-07	0.0016123622	0.048621193	0.00026044867	-1.2492481e-16
2.1900007080860153e-07	0.0010136116	0.048281744	-0.0009943101	-1.2492506e-16
2.192501449443975e-07	-0.00037609632	0.04830712	-0.000737926	-1.2492536e-16
2.1950009135603848e-07	-0.0006699498	0.04862652	0.00023870317	-1.2492563e-16
2.197501102154288e-07	0.00032631765	0.04885009	0.00024279427	-1.2492598e-16
2.2000013551287532e-07	0.00033345798	0.048859045	-0.00055382174	-1.2492626e-16
2.2025005188958058e-07	-0.00030454018	0.048524592	-0.00033036558	-1.2492659e-16
2.2050014139437606e-07	0.00028265585	0.047992628	0.00025096227	-1.2492688e-16
2.2075012297959345e-07	0.0005143476	0.04787924	0.00038192325	-1.2492716e-16
2.2100006156752453e-07	0.000871665	0.04784152	-9.3036564e-05	-1.2492741e-16
2.2125004859223314e-07	0.00027304183	0.04757816	-0.00086712296	-1.249276e-16
2.2150014664401306e-07	-0.0008718301	0.047846835	-0.00042618165	-1.2492784e-16
2.2175000419863513e-07	-0.00063112995	0.048037432	0.00045790218	-1.24928e-16
2.2200009632452075e-07	0.00014572855	0.04814044	0.00048638822	-1.2492811e-16
2.2225008779839422e-07	0.000771093	0.0485288	-0.00021951589	-1.2492817e-16
2.22500150850474e-07	-4.1283896e-05	0.048819996	-0.00092396303	-1.2492819e-16
2.2275008100430198e-07	-0.0012050734	0.04866668	-0.00045424938	-1.2492814e-16
2.230001368187038e-07	-0.001259346	0.048189245	0.0007436405	-1.2492803e-16
2.23250033563866e-07	-0.00043544482	0.047863163	0.0008089653	-1.2492792e-16
2.2350010340805374e-07	-9.3286035e-05	0.04770164	-0.00024935158	-1.2492775e-16
2.2375010566567074e-07	-0.0005452477	0.047700584	-0.000529343	-1.2492758e-16
2.2400013171650402e-07	-0.00063784036	0.047864813	0.0003373081	-1.2492734e-16
2.2425000461719032e-07	0.00045218391	0.047959898	0.0010370064	-1.2492712e-16
2.245000301805893e-07	0.0016182355	0.048161197	0.00022069985	-1.2492686e-16
2.2475010681239953e-07	0.00092152995	0.04851187	-0.0011704607	-1.249266e-16
2.2500010848376803e-07	-0.0011286343	0.048426297	-0.0013190575	-1.249264e-16
2.2525012254295056e-07	-0.0021085714	0.048296925	-0.00015238966	-1.2492612e-16
2.2550003664793727e-07	-0.00088551	0.048343368	0.001205272	-1.249259e-16
2.2575013317132718e-07	0.0011805553	0.048494462	0.0012555695	-1.2492571e-16
2.260000922229091e-07	0.0021733535	0.048751906	-0.00019979918	-1.2492553e-16
2.2625012826816557e-07	0.00058461877	0.049007397	-0.0013460658	-1.2492533e-16
2.2650003708665446e-07	-0.0013990757	0.04919211	-0.0010430831	-1.2492521e-16
2.2675003400410068e-07	-0.0017897032	0.049187385	0.00028717436	-1.2492509e-16
2.2700009185843453e-07	-0.0009222853	0.048808124	0.0017511745	-1.24925e-16
2.2725002500630506e-07	0.0012967564	0.04875579	0.0018146089	-1.2492499e-16
2.2750002345226135e-07	0.0026107454	0.04885854	-3.2093307e-05	-1.2492496e-16
2.2775006212986105e-07	0.0008852856	0.048721313	-0.001955977	-1.2492495e-16
2.2800014840693256e-07	-0.0018855286	0.04870444	-0.0018018218	-1.2492504e-16
2.2825003801806372e-07	-0.0028377892	0.048826776	0.00053846574	-1.2492512e-16
2.2850004690928724e-07	-0.00047430937	0.04874488	0.0026143985	-1.249253e-16
2.2875006688627557e-07	0.0028297866	0.04856218	0.0015547839	-1.2492542e-16
2.2900000176060896e-07	0.0029196294	0.04894267	-0.0017859081	-1.2492557e-16
2.2925004506532397e-07	-0.000986425	0.049049754	-0.0029402694	-1.249258e-16
2.295001221105651e-07	-0.0033769456	0.04868499	-0.00032328974	-1.2492599e-16
2.2975000249219429e-07	-0.0018395819	0.04867046	0.0024486468	-1.2492623e-16
2.3000011570806905e-07	0.0019055839	0.048777997	0.0022158062	-1.2492645e-16
2.3025008205416314e-07	0.0034477378	0.048479494	-0.0006341767	-1.2492673e-16
2.3050015607682193e-07	0.0014410806	0.048369236	-0.0028159542	-1.2492697e-16
2.3075006592394007e-07	-0.0023608434	0.048349526	-0.0016109478	-1.249272e-16
2.3100014315534532e-07	-0.0027381468	0.048192285	0.0014099984	-1.2492742e-16
2.3125006073021095e-07	2.4151803e-05	0.047903787	0.0027399333	-1.2492762e-16
2.3150013288695123e-07	0.0025990629	0.047689892	0.0009478181	-1.2492775e-16
2.3175015601062519e-07	0.0020714845	0.047625355	-0.0020208792	-1.2492791e-16
2.3200009244931535e-07	-0.0012657617	0.047339264	-0.002215704	-1.2492803e-16
2.322500929043224e-07	-0.0023871388	0.04746547	0.00043722906	-1.2492806e-16
2.3250000360072718e-07	-0.00026356676	0.048018534	0.0024241381	-1.2492811e-16
2.327500880428253e-07	0.0023729398	0.04813699	0.0014166065	-1.2492807e-16
2.3300009821143871e-07	0.0022451573	0.048271067	-0.0011323675	-1.2492799e-16
2.3325003847190445e-07	0.00011492447	0.048663195	-0.0021874867	-1.2492791e-16
2.3350000612486498e-07	-0.0014346745	0.0488748	-0.00075681537	-1.249278e-16
2.337501042981184e-07	-0.00057020417	0.04886747	0.0011475584	-1.2492763e-16
2.3400015642368997e-07	0.0014981934	0.0489824	0.0010600347	-1.2492747e-16
2.3425007362244065e-07	0.0019389584	0.04886272	-0.0010887183	-1.2492726e-16
2.3450011170736385e-07	-0.0004039831	0.048908826	-0.0024445455	-1.2492702e-16
2.347500312647864e-07	-0.0026249497	0.04890933	-0.00083934463	-1.249268e-16
2.3500006461866846e-07	-0.0019140478	0.048988607	0.0020758095	-1.2492659e-16
2.352501228213694e-07	0.0013427301	0.049288534	0.0027886976	-1.2492636e-16
2.355000242996256e-07	0.0036146033	0.049144577	0.00035797022	-1.2492615e-16
2.3575008062831467e-07	0.002173546	0.049101874	-0.0021135479	-1.249259e-16
2.360000090657059e-07	-0.0011284009	0.04911154	-0.0016967035	-1.2492578e-16
2.3625012337683335e-07	-0.0024710447	0.048819195	0.00066974794	-1.2492558e-16
2.3650005662772958e-07	-0.00070652895	0.048792083	0.0021619156	-1.2492541e-16
2.3675007921358758e-07	0.002052001	0.048920106	0.0011765823	-1.2492534e-16
2.3700000809007327e-07	0.002238153	0.048613723	-0.0008220573	-1.2492524e-16
2.3725006077869397e-07	0.00047138377	0.048792493	-0.0016214686	-1.2492521e-16
2.375000700506853e-07	-0.0011390328	0.049022343	-0.0007957112	-1.2492521e-16
2.377501207265344e-07	-0.0011202293	0.04854304	0.0006202793	-1.249252e-16
2.3800008988317366e-07	0.00051513244	0.048466213	0.0009587704	-1.249253e-16
2.3825008707066937e-07	0.0008695193	0.048376083	7.576357e-05	-1.2492533e-16
2.38500024876055e-07	0.00030735022	0.047954366	-0.00043065439	-1.2492549e-16
2.3875008606582535e-07	-0.00032694184	0.047942635	-0.0002852633	-1.2492557e-16
2.3900008391756167e-07	-0.00053822476	0.04774412	0.00041877854	-1.2492577e-16
2.3925015961526935e-07	0.00045618447	0.04772041	0.0010950342	-1.249259e-16
2.3950001837827857e-07	0.0016176957	0.04787342	0.0006376842	-1.2492608e-16
2.397500781418534e-07	0.001452205	0.048002493	-0.0004945607	-1.2492627e-16
2.4000000721760213e-07	0.000158578	0.048338458	-0.0013098987	-1.2492641e-16
2.4025012991221313e-07	-0.0011331852	0.04850846	-0.0006296908	-1.2492661e-16
2.4050014084958627e-07	-0.0004065106	0.048414584	0.0009147413	-1.2492676e-16
2.407500035868049e-07	0.0011280745	0.04886093	0.0011045045	-1.2492689e-16
2.4100013972359433e-07	0.0014554047	0.049020227	-0.0001572433	-1.2492702e-16
2.4125010595521343e-07	0.00044007838	0.0487215	-0.0013807919	-1.2492709e-16
2.415000619623313e-07	-0.0012295161	0.04908829	-0.0012368601	-1.2492718e-16
2.4175007553239357e-07	-0.0019954126	0.049099147	0.00034401074	-1.2492724e-16
2.420000557288536e-07	-0.00048956793	0.048854195	0.0013645877	-1.2492726e-16
2.422501327509742e-07	0.0012067393	0.048951432	0.0009313217	-1.2492722e-16
2.4250013080041787e-07	0.0018445771	0.04905341	-0.00045779493	-1.2492726e-16
2.4275010618838557e-07	0.0004351902	0.04881719	-0.0012444438	-1.2492722e-16
2.4300005553666004e-07	-0.00047886968	0.048706446	-0.0008055169	-1.2492717e-16
2.432501452176376e-07	-0.000452955	0.048750956	-0.0001507978	-1.249271e-16
2.4350006869166e-07	-0.00026353402	0.048589114	0.0003254561	-1.2492701e-16
2.437500920742209e-07	0.0003797995	0.048710868	0.00044703332	-1.2492689e-16
2.440000745253892e-07	0.0005427966	0.048995085	-0.00033234726	-1.2492675e-16
2.442500944903663e-07	-0.00034904148	0.049307976	-0.00064498425	-1.2492663e-16
2.4450011713911595e-07	-0.0009981353	0.049383007	-7.5333766e-05	-1.2492651e-16
2.4475001083548794e-07	-0.00094470417	0.049191926	0.00072699547	-1.2492634e-16
2.4500008973542825e-07	0.00046983536	0.04894395	0.00069522683	-1.2492618e-16
2.452501454258142e-07	0.0012981351	0.04840921	-0.00014929424	-1.2492603e-16
2.455001230315297e-07	0.0009521886	0.048114005	-0.0006887087	-1.249259e-16
2.4575010883063376e-07	0.00018508933	0.048436537	-0.0005766175	-1.2492573e-16
2.46000045203282e-07	-5.7295343e-05	0.048439138	-0.00017356059	-1.2492557e-16
2.462500092881275e-07	0.00042939142	0.047891814	0.00039353513	-1.2492545e-16
2.465000987412131e-07	0.0014467819	0.047791153	0.00029973063	-1.2492536e-16
2.4675004671716037e-07	0.001552968	0.047839493	-0.0008563764	-1.2492529e-16
2.470001251374983e-07	-8.174463e-05	0.048198037	-0.0012323901	-1.249252e-16
2.472500996831222e-07	-0.0014473514	0.048796777	-0.00011185148	-1.2492512e-16
2.475000711441065e-07	-0.0006225407	0.04888834	0.0005647089	-1.2492517e-16
2.4775013842264086e-07	0.00027717196	0.048549924	-5.6444514e-06	-1.2492518e-16
2.4800006395834394e-07	-8.192157e-05	0.048336912	-0.00039328108	-1.249252e-16
2.4825005734514047e-07	-0.00043341372	0.04862805	0.000102307364	-1.2492526e-16
2.485000735548683e-07	0.0004970832	0.049083944	0.0004644886	-1.2492533e-16
2.487501339619993e-07	0.0006669279	0.049108487	-5.0764735e-05	-1.2492542e-16
2.490000869034842e-07	0.00038255882	0.048754558	-0.0005576123	-1.2492555e-16
2.492500196443365e-07	-0.00020163493	0.048453446	-0.0007019707	-1.249257e-16
2.495000495755823e-07	-0.0006962607	0.048234142	-0.0006925276	-1.2492586e-16
2.497500185417693e-07	-0.0011251107	0.048187174	-0.00018903949	-1.2492602e-16
2.5000007794522403e-07	-0.00028436098	0.0486193	0.00051493885	-1.249262e-16
2.5025006327428544e-07	0.00055083795	0.048600722	8.775375e-05	-1.2492639e-16
2.505000720694077e-07	0.0006259637	0.04818996	-0.0010164755	-1.2492657e-16
2.507501082278184e-07	-0.0009246065	0.048112758	-0.0012925433	-1.2492675e-16
2.51000036011571e-07	-0.0016222567	0.04856681	-2.9763525e-05	-1.249269e-16
2.5125005257295316e-07	-0.00034937175	0.049300328	0.0010853795	-1.2492698e-16
2.5150006967507624e-07	0.0010649902	0.04970536	0.00066580967	-1.249271e-16
2.517500186567045e-07	0.0011593519	0.04950392	-0.00052172726	-1.2492721e-16
2.520000723654124e-07	-0.000490788	0.048979722	-0.00090681465	-1.2492725e-16
2.5225012104885555e-07	-0.0013786977	0.048766207	0.00017618353	-1.2492725e-16
2.5250005942501246e-07	-0.00022908785	0.049062468	0.0014036796	-1.2492727e-16
2.527500451722069e-07	0.0011818369	0.049277045	0.0010414971	-1.2492726e-16
2.530000606127545e-07	0.0016061926	0.04896588	-0.00047878156	-1.2492722e-16
2.532501231647016e-07	-0.0001684553	0.04834201	-0.0013360812	-1.2492717e-16
2.5350013534856454e-07	-0.0012844512	0.047912437	-0.000303193	-1.2492709e-16
2.537500146801411e-07	-0.00035364486	0.047704358	0.0008208812	-1.2492698e-16
2.540000170365823e-07	0.0009532616	0.04763167	0.0002577903	-1.2492681e-16
2.542501030208327e-07	0.0007748286	0.047984324	-0.0009770915	-1.2492669e-16
2.545000000795404e-07	-0.00050052727	0.04829671	-0.0009325593	-1.2492652e-16
2.5475015411403256e-07	-0.000947664	0.048173998	0.00038330792	-1.2492637e-16
2.5500008874876484e-07	7.8860736e-05	0.048313323	0.0011154523	-1.2492622e-16
2.5525008903795334e-07	0.0009540937	0.048873786	0.00035918647	-1.2492604e-16
2.555000779998201e-07	0.0005687113	0.049248163	-0.0008792704	-1.2492596e-16
2.557500642822886e-07	-0.0004972604	0.049523987	-0.0008690652	-1.2492577e-16
2.560000449301584e-07	-0.0014582848	0.04954545	0.00026555063	-1.2492566e-16
2.562501458748079e-07	-0.00040283767	0.049027152	0.0013313543	-1.2492558e-16
2.5650007349041127e-07	0.001372312	0.048272066	0.001059316	-1.2492551e-16
2.567500000046175e-07	0.0016917269	0.048441183	-0.00034539626	-1.2492545e-16
2.5700010488318806e-07	0.00057310064	0.048804842	-0.001205323	-1.2492538e-16
2.5725007830360876e-07	-0.00057086034	0.04871705	-0.0006999964	-1.2492532e-16
2.575000894421984e-07	-0.00056846905	0.048102167	0.0004143471	-1.249253e-16
2.5775000060308385e-07	0.00037323887	0.047811095	0.001001842	-1.2492534e-16
2.580000320877426e-07	0.0011087669	0.047943242	0.00023193641	-1.2492537e-16
2.582501371531571e-07	2.5410001e-05	0.04834444	-0.0010786208	-1.249254e-16
2.5850007761057317e-07	-0.00077216246	0.048638385	-0.0007496197	-1.2492546e-16
2.5875012276160785e-07	-0.00070400955	0.049059093	0.00030578265	-1.2492557e-16
2.5900006672404446e-07	0.000459224	0.049431354	0.0005618856	-1.2492563e-16
2.5925010257444276e-07	0.00080152537	0.04939415	-0.00019613851	-1.2492577e-16
2.595001372266421e-07	0.00055411516	0.04920038	-0.0010501071	-1.2492582e-16
2.597501310606693e-07	-0.0006356491	0.049061023	-0.0008457973	-1.2492594e-16
2.600001189080616e-07	-0.00097229483	0.049264368	0.0005934414	-1.2492607e-16
2.6025001698004504e-07	0.0005569634	0.049557175	0.0011846677	-1.2492618e-16
2.605001216922034e-07	0.0016598812	0.049214646	-0.000106227184	-1.2492628e-16
2.6075004815684394e-07	9.842201e-05	0.04840935	-0.0016645042	-1.2492634e-16
2.610001182807296e-07	-0.0020567863	0.04774106	-0.0014086959	-1.249265e-16
2.6125003201871095e-07	-0.0022076296	0.04784408	0.00040631293	-1.2492655e-16
2.6150000942973204e-07	-0.0009499103	0.048531316	0.0017015829	-1.249266e-16
2.617500203208689e-07	0.0014819073	0.048789423	0.0010678092	-1.2492664e-16
2.620000453179991e-07	0.0014799853	0.04851927	-0.0010697165	-1.2492663e-16
2.622500463683556e-07	-0.0006101304	0.048450053	-0.0019510826	-1.2492667e-16
2.625001024027877e-07	-0.0022324524	0.04867888	-0.00017510934	-1.2492668e-16
2.6275012203831354e-07	-0.0013386009	0.049080096	0.0020179895	-1.2492668e-16
2.63000044931631e-07	0.0009687545	0.04945005	0.0018931354	-1.2492661e-16
2.6325006843033965e-07	0.0018584175	0.049471054	0.00027699946	-1.2492656e-16
2.6350000284801366e-07	0.0009633793	0.049272507	-0.0009429447	-1.2492648e-16
2.6375011782238277e-07	-0.00034909992	0.048926953	-0.0008712404	-1.249264e-16
2.640001049159663e-07	-0.0010287189	0.048554406	-0.00022819314	-1.2492628e-16
2.6425004361101907e-07	-0.0008325474	0.048425324	0.0002018223	-1.2492623e-16
2.64500014504797e-07	-0.00022330739	0.04853829	0.00016741347	-1.2492614e-16
2.6475002670594264e-07	0.0002500367	0.04872312	0.000100564714	-1.2492603e-16
2.650001635319086e-07	0.00050777337	0.048396446	-5.9851056e-05	-1.2492594e-16
2.652501349439519e-07	0.00017469449	0.0480227	-5.5333703e-06	-1.2492587e-16
2.6550010102515104e-07	0.00023336681	0.048401177	3.976356e-05	-1.2492573e-16
2.657500030119822e-07	0.00053217734	0.048941962	6.0944126e-06	-1.2492566e-16
2.660001181991946e-07	0.00049308443	0.049299177	-0.00023965359	-1.2492557e-16
2.662500041271261e-07	0.00044760283	0.049217507	-0.00034691443	-1.2492546e-16
2.6650012975135253e-07	0.00033178143	0.04923085	-0.00014428399	-1.2492541e-16
2.667501044755447e-07	0.000460486	0.04937179	-0.00028239336	-1.2492532e-16
2.670000577754038e-07	0.00012807598	0.049380407	-0.00063082326	-1.2492529e-16
2.6725002030874354e-07	-0.00079982344	0.049367983	-0.00041038753	-1.2492532e-16
2.675001294611079e-07	-0.0007784345	0.04910425	0.00040712205	-1.2492533e-16
2.6775006324743756e-07	0.00042214978	0.048866965	0.00097279873	-1.2492533e-16
2.680000863843844e-07	0.0013724697	0.048680555	0.0004184439	-1.2492534e-16
2.682500724936033e-07	0.0008866469	0.04856202	-0.00050048146	-1.2492537e-16
2.6850012434748836e-07	-0.00053819345	0.04819258	-0.0006881382	-1.2492544e-16
2.68750053192621e-07	-0.0011249082	0.048116293	1.5156377e-05	-1.2492546e-16
2.690001433251715e-07	-0.00059686665	0.04841881	0.0010575529	-1.2492553e-16
2.692500520128687e-07	0.0008015255	0.048756983	0.0013763276	-1.2492557e-16
2.6950014098029913e-07	0.0019796195	0.0485497	-4.6239657e-06	-1.2492563e-16
